-2.659044125918052615e+00 9.173540569890367702e-02
1.303321285984047506e+00 1.189371458151621264e+00
-1.033029205264652139e+00 -1.894176102315556554e+00
-2.283843801842674104e+00 7.174590791271781565e-02
-3.371219441975036313e-01 -2.445463257324837159e+00
-1.961279900600038317e+00 -3.023715478924692279e-01
-1.834752730415967870e+00 -5.086822219321318617e-01
2.638706454473286334e-01 1.925467346664044621e+00
-2.277945993174924855e+00 -9.704407460992189316e-01
-6.544047953529801287e-01 5.529433249637633052e-01
-1.391528952630802118e+00 2.005274433722110672e-01
-2.675559773177559109e+00 -7.440537990147026992e-01
7.859632601435726507e-01 -1.097850853805530269e+00
-7.797128453699662121e-01 -1.287995716046249406e+00
-1.266021359618587194e+00 -2.785756841865105748e-03
-1.920084706823334875e+00 -6.938401319180310667e-01
-4.950005069248502032e-01 1.377458120253560736e-01
-2.455324442609711610e+00 3.421828912199453288e-01
5.493563895886408588e-01 -4.284118983612242859e-01
1.127489767731245651e+00 -4.441264056630190860e-01
6.576750161331390565e-01 -9.033373233706879502e-01
-1.161227210197214976e+00 -1.812545416361793116e+00
-6.610617436383403600e-01 2.386476750723907969e+00
-6.850793696371402230e-01 -2.940562884558697854e-01
-2.333867548656817892e+00 1.180326177623805206e+00
-1.908614916610747114e+00 -1.358226027805163882e+00
-5.813280949399515229e-01 -1.577500988616252986e+00
-7.752879879051893797e-01 -1.389630541575609390e-02
-1.579850433497324014e+00 9.747144980060228336e-01
7.198400795320336609e-01 -7.154985963260458437e-01
-2.005285272148414233e+00 1.794367122573238271e+00
-6.932090791880146652e-01 -1.851342862173804171e+00
-8.665798339734782640e-01 -5.532462141407457068e-03
4.544402725629897999e-02 5.338982070780547984e-01
-7.663412468728039162e-01 9.380320193490470082e-01
-1.201194065713320658e+00 -8.745151341965964331e-01
-2.198080432061972012e+00 -7.553069098486888677e-01
-7.668305366197547546e-01 -2.110104473474695430e-01
-2.172577061098631468e+00 -3.385012436378719292e-01
-1.599707218892417959e+00 -1.530188763625254689e+00
-1.481877808630430726e+00 1.861508558574828109e+00
3.480323475030069336e-01 -1.599883658927566454e+00
-4.388723018446335500e-01 -3.481126014613653563e-01
-2.265039335866246284e-01 -2.203210518269725249e+00
-2.051559323994167627e+00 2.112407017677589982e-01
8.707915296523350834e-01 1.496122993245779353e+00
-4.964644239991199415e-01 -1.232018557506648460e+00
-2.609496755202797558e-01 -6.351183057800890985e-02
1.554419540087887963e-01 -1.999639263034701520e-01
-1.349976148949050270e-02 2.128971408189093140e+00
-1.001309428970282855e-01 -5.234405829770985008e-01
-5.325113541767689807e-01 3.909001816230199822e-01
2.308632121840259455e-01 9.246977450915137009e-01
-4.784898625470139777e-01 6.766706001138901305e-01
-2.549535000053036349e+00 1.011333285184371267e+00
-1.192082993899752807e+00 -1.140844198829340739e+00
-1.393227061416654200e+00 -5.187545850160744099e-01
1.025188791733531724e-01 1.678776099637516950e+00
5.285588559007202702e-01 2.118758105573927963e-01
3.352791051895991359e-01 -9.135438044804287117e-01
-1.145137440716697430e+00 2.090967185564938990e+00
-1.415659545860767032e+00 -1.082101515849533291e+00
-6.034074584801465968e-02 7.817421700392259698e-01
1.593743674148184741e-02 -9.152397584783016349e-01
-1.193046580023903402e+00 3.744747328427415756e-01
-9.045221749051768345e-02 9.600382347240014047e-01
-2.351563843519953956e+00 4.482316490253240304e-01
-2.502208089615690856e+00 -3.944962916879935638e-02
5.404634904567257037e-01 -1.500585304292614275e+00
-2.514929038343449719e+00 -1.043015195603382850e+00
-1.960397942988655773e+00 5.029225723699968231e-01
-4.585993868212127067e-01 5.104895660112076516e-01
-1.801769192128963137e+00 -1.247993979793001751e+00
1.239949886159013470e+00 4.012696768702622152e-01
-1.503815776156019357e+00 -2.132827965007168203e+00
-9.393728254297364355e-01 6.551866544666224978e-01
-2.139947094343478184e+00 1.005362029971972548e+00
1.420577435466926053e+00 8.876533989893464760e-02
5.460037037123599557e-01 -3.026345287113857419e-01
1.879893356898486578e-01 -6.733624738806708310e-01
-1.426689162191288496e+00 -1.063113579728492075e+00
-1.940577404892127600e+00 1.846026270058579666e+00
1.867648380308832845e-01 5.786319193477225120e-01
1.876600392758887015e-01 -6.256793509175501145e-01
-7.583433725994187524e-02 -1.515211476820636172e+00
-1.170872149462630629e-01 1.360980663757493936e-02
-3.895873465492658005e-01 1.434039768264416592e+00
8.411724884346393205e-01 -4.512289481346754005e-01
-5.232771073421561558e-01 6.208924206261638989e-01
-1.316525911666395876e+00 -3.025381237402902102e-02
-2.388859923827566512e-01 -3.061136116581123501e-01
-5.662546905197228808e-01 4.525041332947606909e-01
-2.459552503460529227e-01 -7.766724538877128881e-02
-1.000700785501279944e+00 -1.248904146436689677e+00
9.602173846513794020e-01 -1.808238501168591417e-01
-1.687963101249754239e+00 -8.245707923956393515e-01
7.095753617669094959e-01 5.651170601446601216e-01
-9.961550312753016945e-01 -1.277480808918040722e+00
-1.203993896757155957e+00 3.219294936461206680e-01
-2.072874082345742552e-01 -1.168961309676262550e+00
