-5.700637230105581876e-01 -1.573350029146378393e-01
-3.943929253418664294e-01 -1.804492913014137667e-01
-4.151460599582343924e-01 -2.845597752687809012e-02
-5.030008514077234372e-01 9.729833458994723017e-02
-6.751137703428548020e-01 1.113137767955901247e-01
-6.163958966123933569e-01 -3.884922567164057761e-02
-7.920666942810851152e-01 -1.573493728486466750e-02
-7.713135596647171521e-01 -1.677282510594003406e-01
-6.834587682152281074e-01 -2.934825631762256748e-01
-5.113458492800967425e-01 -3.074980053818685000e-01
