-2.235956485196981447e+01 -8.690928109260093848e+00
7.199089332607456759e-01 -1.148443584942046458e+00
-1.247111164771450476e+01 5.420698899295955719e+00
2.757710341086506700e-01 -1.542160902286266122e+01
-2.407495275784145150e+01 7.398456436822961280e+00
-9.343055961403505805e+00 -1.998728600813780787e+01
2.204432105949988241e+01 1.039089763149133638e+01
-7.047553192868878380e-01 -6.177325092002758922e-01
-1.373705714569054592e+01 -1.412701407351183747e+01
9.624716860265664309e+00 4.604672582788941204e-01
1.841688859563239333e+01 -1.605931835130503416e+01
3.820207939607771497e+00 -9.000457698179740174e-01
-1.061897979618564491e+01 1.364215328013729334e+01
6.482017702168072049e+00 -3.192280947079476849e+00
-1.610104732649274339e+01 -1.705712230078939484e+01
7.162400216613641568e+00 1.687240589234969690e+01
-1.450814856073762549e+01 1.654166916590031633e+01
9.867396220610537227e+00 -8.203621460987651659e+00
-1.915817095790377422e+01 -1.019168353370901947e+01
1.684886235155307688e+01 -7.961994432450480552e+00
1.110585311548709342e+01 -4.529804058108267029e+00
-4.124859031513703478e+00 -1.181115987569353010e+01
-2.097619675706362941e+01 -1.269404558387707915e+01
-2.397465202045721000e+01 -4.634119564683042647e+00
6.114171433385074295e+00 -7.012828167921568046e+00
-1.095451196464626875e+01 -5.931994727069731965e+00
1.875405747841106674e+01 -7.369220730021154075e+00
-8.772461605119987738e-01 2.397291268525005847e+01
2.301099345511300687e+00 -1.023181773340408718e+01
-1.050086946493981710e+00 2.812459651784636083e+00
-1.680484086010577016e+01 3.234335895861362609e+00
1.571427125571481653e+01 2.670381714679630925e+00
-1.623668166288664594e+01 1.276230167678170346e+01
1.638545689165053432e+01 6.270681417828300575e+00
7.892721420504866803e-01 1.196540151289304177e+01
1.354820754845182940e-01 -1.724595950077080531e+01
3.908951276233073591e-01 -1.368574988299891260e+01
-4.865856164592905486e+00 -2.049984302689192361e+01
7.292001132624823079e+00 -9.886399638930432943e+00
-2.091438361473273222e+00 -1.545471947162572635e+00
2.271454882849986845e+01 -3.736090351269667931e+00
-2.007109737417644979e+01 7.980019481485885358e+00
-8.770441871468110051e+00 5.405204164149955304e+00
-3.466948621267734953e+00 -1.352072914946907467e+01
-1.085984122978192801e+00 8.961720423171742667e+00
6.580853687330971979e+00 1.006454666112508223e+00
1.478638887967061777e+01 1.435188724183410791e+01
-1.432322133370443318e+01 9.768434143043108975e+00
-1.120431683509292853e+01 8.591350785145102975e+00
-1.520477582285533480e-01 1.344164681346236634e+01
-1.289782645042784992e+01 -1.888523788715653851e+01
-1.836785751629977526e+01 1.597064074217019325e+01
-1.742408025006826122e+01 -1.150673102742033471e+01
-1.750155078251041374e+01 -6.719183415266739345e+00
-1.748531063518526452e+01 -1.830104131094960707e+01
1.612318111294483813e+01 4.546672927856286073e+00
9.165544551461183076e+00 -2.115108143865588985e+01
-2.026017297513247328e+00 1.798599102528696392e+01
-1.327534463927886499e+01 -1.594991990206314192e+01
-2.135170501487675843e+00 -1.232864840042792487e+01
-8.143331219567350843e+00 7.225985020639761558e+00
2.712574220414447623e+00 2.010278881091996439e+01
2.367319038433361555e+01 -7.528078374609899370e+00
-3.022731980599773216e+00 -4.814073337590031088e+00
-4.459265050960701693e+00 7.974679337573220117e+00
-3.119144809705314714e+00 -1.520855201393742817e+01
6.389916924044004354e+00 1.199703458724232696e+01
-2.406569641480685195e+00 2.302222662899819383e+01
-2.736927514374873027e+00 -1.070974951503007944e+01
1.621031102618152886e+01 1.081102647451564280e+01
-9.669460617363339061e-01 -1.065720482579082606e+01
1.098451510142438359e+01 -2.006452083625952199e+01
-7.380384893912906641e+00 2.365268377549316181e+00
-1.563045052710264393e+01 -1.041469325475038765e+01
-7.057269760352429699e+00 1.036941316321109063e+01
-1.379601220616446255e+01 -3.943441016303085966e+00
1.643757645854829263e+01 1.563063606659251192e+01
-1.540448879338074306e+01 -3.705754540965466859e-01
1.239435696216287752e+01 -9.732512157369750394e-01
3.539297739389249742e+00 -1.138004860722045031e+01
-1.353418548942509858e+01 -6.465924257576175505e-01
1.399790291665104824e+01 8.169301859381338460e+00
1.779893215707607723e+01 -4.032427171742150485e+00
-1.145791145110725218e+01 -2.051016716202584078e+01
-8.892319434465214556e+00 -1.303695316698861539e+01
1.271971466898175862e+01 1.527545546623535699e+01
-1.899808745576128288e+01 2.049091318961473174e-01
2.100298551495808130e+00 1.781389785257921909e+00
-3.511182982165851119e+00 -1.891905012540062714e+01
4.000684046608014910e+00 -9.426976894245070682e+00
-3.263697767166415797e+00 1.956084286770999725e+01
1.134157042918498171e+00 -7.351190509435395093e+00
-1.901973711460247429e+01 -1.413584139891898417e+01
2.160702170563083868e+01 -3.337458728896927074e-01
-1.379844096882071769e+00 7.158242342370341404e+00
-2.377791117265177334e+00 -2.356405587484533370e+01
1.001092708601407111e+01 -1.093305638249800005e+01
-2.350670638364488862e+00 1.044567905368914751e+01
1.476467780912911110e+01 -3.681169477110979305e+00
2.091680446947212246e+01 -1.214031505584392434e+01
-1.491774480977656658e+01 2.838475300015213421e+00
8.381986086804653624e+00 2.343939432318885707e+01
-1.589582882518354801e+01 1.798168383414228799e+01
7.902047129733202446e+00 -4.301499047844880685e+00
-1.472765968782691814e+01 -5.485057326818293610e+00
5.182950641754650256e+00 -2.065717595028576437e+00
5.503670282650265477e+00 2.161383321885102760e+01
1.723230309867328813e+01 -1.183440096380878259e+01
-2.403624344981099448e+00 3.174505351891047239e-02
-1.669891125827425826e+00 -6.142202804639144809e+00
3.683508416914533790e+00 -1.900714771352918930e+01
-1.573406410144839285e+00 -1.800285228736201404e+01
-1.647711749030452566e+01 -1.885820520271968670e+00
1.560395858889687837e+01 1.743927020317813970e+01
-6.022226548482070285e+00 1.163950199486169623e+01
4.869752947606121651e+00 5.565330019546490092e+00
9.018556348558249169e+00 -6.825838407629533755e+00
3.331734367636157934e+00 2.922875183049312042e+00
2.354691534494443061e+01 1.250245509412777345e-01
-9.671935411962596874e+00 2.206583505047419536e+01
5.428486836837866036e+00 -1.786528841991597716e+01
9.923023644752840156e+00 2.194641801856434427e+01
-1.605908510472608697e+01 1.389033522350436867e+00
6.355027533229660186e+00 4.530495217313923462e+00
1.752853242414453661e+01 3.369919443212807231e+00
1.527554293039612254e+01 -1.197850982671569753e+01
2.957685001225977661e+00 -6.680427006180550187e+00
1.601268020681007709e+00 2.157800740508121251e+01
-1.314505664840263499e+01 8.256609730592376906e+00
-1.883370972618494621e+00 1.351371507528818583e+01
3.349341119420119917e+00 -4.840756322233846554e+00
1.229329748621111129e+01 1.178585421883337681e+01
-4.523583333204359569e+00 1.969238958500115322e+00
1.521468603832239808e+01 -2.006342609681076361e+00
1.098112799964917485e+01 -9.460153089038945140e+00
5.026718576723251397e-01 2.013275054756139681e+01
1.311809986738177614e+01 1.981789670756813493e+01
1.939112470401529364e+01 6.310261801648639590e+00
2.687216353244678224e+00 8.739694594695752272e+00
5.286854337060951536e+00 -9.187156053040629322e-02
5.381388282013502611e+00 -1.600537432085742040e+01
1.713459571045670415e+01 9.223700955564035908e+00
1.096037675094780717e+01 7.051872927479398534e+00
-7.287424735431108580e+00 1.499561199968728964e+01
9.003740708517184999e+00 -1.935735729788985893e+01
-2.481312370082261154e+01 4.001821645420680973e+00
1.089408385699443294e+01 3.682570098771214884e+00
-1.546492963212088156e+01 1.468359275139881781e+01
-2.103463023573056390e+01 6.144457845931537321e+00
-1.512078491566206884e+00 -1.981543466301673817e+01
-2.253327286286928910e+01 -1.084289305026413786e+01
1.783822109041002690e+01 5.215499494905416533e+00
7.955484794176689078e+00 -2.608850973543904050e+00
-1.717628707097148322e+01 -4.429381197103905710e-02
7.540304347109081817e+00 2.182034828910330049e+01
1.054333246426530302e+01 -1.233140703588185838e+00
2.207157677444410737e+01 1.556611381567442276e+00
2.332432829819411246e+00 -1.778846071769041748e+00
6.391178280268350775e+00 8.890524182611766690e+00
7.987796418082388605e+00 1.854250250954381940e+01
-5.813673411802224855e+00 2.964287131862176849e+00
1.411047738029830301e-01 7.711053717935382856e+00
6.488211210076056723e+00 2.764078159084411901e+00
1.426780032711036128e+01 -1.539551942305267751e+01
-9.147163572338719462e+00 -1.109050936076446803e+01
9.618739615905148588e-01 9.059650880187209765e+00
9.763263502488789269e-01 -2.765127933467153021e+00
1.478106204314387817e+01 6.221216655966270714e+00
1.219318273947152242e+01 2.159404459395999964e+01
5.084660127536142049e+00 -1.234988076787394817e+01
-4.967043573099849674e+00 6.349943746491364394e+00
5.352176990253880717e+00 1.360590298566964584e+01
-1.433043638380298290e+01 1.074659563559276609e+00
2.175379408651904001e+01 -8.136883211885953315e+00
1.773766467238472444e+01 -1.399346400354171394e+01
5.157339058773077412e+00 1.689210084117362243e+01
7.644802361381710654e-01 -1.096727593896123842e+01
1.343647648801515260e+01 -2.423671478977423188e+00
-1.214915136017041775e+01 -1.311018584069081427e+01
1.079838424193301094e+01 -2.200308686850768680e+01
-1.849449198350239953e+01 3.847018244741619686e+00
9.095722950147429486e+00 7.080194630270166378e+00
1.982963078311034977e+01 -1.422461174228949687e+01
1.183131133745336072e+00 1.685360376508380398e+01
-5.825435205693606733e+00 2.176163136462445635e+01
-1.431941885690789285e+00 -1.409193953886454409e+01
1.832244181073133360e+00 7.198385627330135428e+00
-2.621402633230543788e+00 8.429351735098903120e+00
1.034130548112406700e+01 1.205102566519760643e+01
7.581828000352179409e+00 -6.086941654121477363e+00
1.185461134854367415e+01 1.855158212666312778e+01
7.320128297618751390e+00 1.359017347557242594e+01
-1.016447905605430613e+01 3.806825927481832572e+00
-1.357635707390989488e+00 -4.501130519783513861e+00
-2.132956545265287218e+01 1.230603275339692715e+01
1.122847484857407530e+01 1.024320794625107567e+01
-9.101646177906667745e+00 3.454974052605120916e-01
-1.065745266397191138e+01 -1.208408838335416924e+01
-1.315681825797158977e+00 1.510210478300077952e+01
5.751203302313117938e+00 2.327628419859985698e+01
2.010882649384380016e+01 9.573124129665482318e-01
-1.228345305683706634e+01 -1.118853503058564414e+01
-2.466617504903875613e+01 -6.487309056298083298e+00
1.383497356724660143e+01 -1.744737281746491675e+01
2.079828555545601176e+01 -4.708036427890063713e+00
-2.461365270750879830e+01 1.363654219161001935e+00
1.143326863891719825e+01 1.366207478678324883e+01
-3.899404851952913642e+00 9.673330565238973833e+00
-1.312502838632608082e+01 2.679177009078262728e+00
-1.651953885876023520e+01 -8.317864772530830564e+00
8.384374656432274975e+00 1.216024206407307062e+01
3.688797535445585751e+00 2.384004210807541568e+01
-1.655509462638934082e+01 1.619417226643609098e+01
1.243531657897376519e+01 -1.682371247440365281e+01
-3.640254820338962860e-01 -1.233111223461268224e+01
-2.190893298941813683e+01 4.299435557419817755e+00
-1.745372480901027856e+01 -1.322247409635812510e+01
-1.033118212823581628e+00 1.183627305235441263e+01
-1.938428322399067483e+01 -6.689573830271985599e+00
2.120014285947213040e+01 -2.541480291129863733e+00
2.028854698925885813e+01 1.165076166964317217e+01
-4.471828600852075120e+00 2.327686626967557615e+01
5.365252929208010890e+00 -2.356537331619158593e+01
-5.906653144638098318e+00 -2.210093898134232049e+01
-1.576113351491642334e+01 4.470028299956593898e+00
8.316334566571304876e+00 1.967913760414765623e+00
-1.629526399410444171e+01 9.191448573671177513e+00
1.425467865119120958e+01 1.142370962587075134e+01
-2.343707977131744169e+00 -7.662298313548304485e+00
-1.072783381434339844e+01 2.040381270681536563e+01
6.317916484254414655e+00 1.528902176012851832e+01
-9.323748872868669935e+00 -5.660205655002687131e+00
1.152710590561891379e+01 -2.683146526022899270e+00
1.237524559050963013e+01 -5.999561272244577026e+00
4.986035093433332399e+00 1.927659695549685637e+00
-5.548226400802757752e+00 -2.177559782341475181e+00
-2.023954129464478768e+01 4.282616326014525576e+00
-5.345601608729370291e+00 4.654233155890496576e+00
1.539002237733592438e+01 -1.725156754665273340e+01
1.336129592285656820e+01 5.332196377545126431e+00
3.526030868592321621e+00 1.365939223811761849e+01
-1.465056765928368421e+01 -8.683567981342921627e+00
1.724631718793764534e+01 1.205216084915411834e+01
1.498463081464570656e+01 -8.609671459260901827e+00
-6.707749956367174526e+00 1.331990070583997010e+01
9.383091161124644586e+00 1.368007478803607135e+01
-3.557092488972893207e+00 -6.409002253530381665e+00
5.072412839027427012e-01 2.483224549659913460e+00
-1.665968847485144733e-01 1.037513586003005095e+01
-3.480717762845850327e+00 1.432168210204674352e+01
-5.178645473537098809e+00 -4.854919307068429335e-01
1.167941646250607768e+01 5.246232865573950299e+00
3.628115763105265845e+00 1.037583209665545425e+01
-7.845751407552508994e+00 -6.439822137299699989e+00
1.584423408065014804e+00 -2.388858829461557320e+01
3.720436814967368333e-01 -4.196072667677400503e+00
-9.993723442250741940e+00 -2.207362760675916746e+01
-3.023968874199791657e+00 1.224255107193304148e+01
-1.319698141076915965e+00 1.960316368455944414e+01
-1.390174501609602409e+01 1.819064281462155819e+01
-8.771294324578136070e+00 1.836789060196219481e+01
-2.218493606384065231e+01 7.867587296339692671e+00
1.202656463924188479e+01 2.182655022066993133e+00
5.360343258995626137e+00 7.396249932766176372e+00
-4.276091827179139493e+00 -3.274909809413683703e+00
-7.031984176432493072e+00 -2.038895877616276309e+01
1.283650528705708105e+01 -4.127949037764932605e+00
-7.157679487893170212e+00 -1.377163911540746533e+01
-6.657389801387244566e-01 -2.584841327531903765e+00
-1.150040395300273843e+01 1.182748441834016795e+01
6.012272793947683880e-01 7.473111639737892720e-01
1.088698460303260696e+01 2.016506972441971968e+01
-2.022546091702839277e+01 -1.327498756252345924e+00
2.167484724763410142e+00 -3.663609147524395038e+00
-1.746892875818462798e+01 -3.408285768488602763e+00
-1.827656338725613594e+01 -1.551908238829984965e+00
2.225950349172136811e+01 6.147075469808467751e+00
1.808483259631167295e+00 -1.234109161692639667e+01
1.799533186636111282e+01 -9.525888352872989628e+00
-2.377780335454584915e+01 -9.453760770902004396e-01
-1.244227625972038709e+01 9.241449635671247220e-01
-7.618505081714112670e+00 7.881676752323104607e-01
-1.097374553564189981e+01 -1.886293414584044470e+01
-1.191696853736454109e+01 3.875260152484156784e+00
-3.780067581107310559e+00 -1.449533018610394519e+00
1.562490932918079611e+00 2.333090779604776799e+01
-2.634775068387446684e+00 1.630068343393169883e+01
1.316745610155908430e+01 7.765145281807896982e-01
-4.708588071781289131e+00 1.297201421819260148e+01
1.819719042487032423e+00 1.050577531994322023e+01
-5.801274754821858615e+00 -1.093078235247424601e+01
-1.144038024762729577e+01 1.532002505570178208e+01
-4.854216484865677472e+00 -1.595750714041377805e+01
6.233506338138064429e+00 -5.053682414013003665e+00
-7.052358520059420322e+00 -2.345796554028471093e+01
-3.571171697945691115e+00 5.125046296610227259e+00
1.743291086699866810e+01 1.721646730619998067e+01
-3.793789338689139701e+00 -2.223261336817498801e+01
-6.277228081387423053e+00 7.756743768359512181e+00
-4.239873900209938817e+00 1.593837460660214589e+01
-7.075658891467368150e+00 1.800978357145243436e+01
-1.947323666731189817e+01 1.391534046888805420e+01
-8.331359564873039858e+00 -1.678118392211375465e+01
-1.700055856743728100e+01 7.220764083753093310e+00
-9.689014297674762577e-02 4.286795711115604313e+00
-3.074885214876208472e+00 -2.062999359042809999e+01
1.810133324928435528e+01 -1.839563206614688529e+00
9.945001529392492046e+00 1.848056883931303673e+01
-7.900349002734781578e+00 1.193285992875699009e+01
-1.177401324089567503e+01 6.888867759944535152e+00
-9.708250585606160499e+00 -1.785906787357879111e+01
1.973582328727946811e+00 -1.435667687845297635e+01
-1.694382121538066333e+00 5.484160464220251718e+00
-8.288025798092654384e+00 -1.128244440316971575e+00
1.610068449822371406e+01 -4.843766764316985274e+00
5.375200070472739178e+00 -1.051489673819382098e+01
-1.534200293874004650e+01 1.117361421159518997e+01
-5.051269993767664168e+00 2.024335156967347160e+01
-1.661403755360332823e+01 -5.115252937032426672e+00
3.574661352206271570e+00 -1.706433065543665251e+01
1.380803595677302553e+01 -1.353730524637020771e+01
-6.227379147276614901e+00 -3.778291735663650286e+00
1.588830126704623602e+01 7.864805230043992346e+00
-4.781558957505091634e+00 -4.805638038898004893e+00
2.240411491837357261e+01 8.302405906075767561e+00
-9.043969657616818481e+00 2.007919698360270644e+01
1.366096898182439112e+01 -7.522842473976876221e+00
-6.046718685002280935e+00 -9.095418123702819102e+00
-1.749015402980474576e+01 1.076344441492985737e+01
-1.056781192743497222e+01 1.029552492708300093e+01
1.331592131248373434e+01 -1.179368048021509807e+01
-1.387261059252482553e+01 4.568856436927055675e+00
-7.267180733431270134e+00 -2.554854190292793259e+00
1.641237366522074836e+01 -1.562833012661050525e+01
-3.055524655047758831e+00 -1.698647970207555247e+01
-2.977333951094144560e+00 -9.020776087627327300e+00
-2.031889407324295149e+01 -5.118565486698915201e+00
-2.205624738544745966e+01 -4.885417208461602989e+00
-8.079873512682164360e+00 1.648409827348910284e+01
7.316422802470620157e-01 -9.230407771659672633e+00
-1.084933110637811637e+01 -8.281252986217896961e+00
-1.407495343454571568e+01 -1.222578062341479566e+01
1.512201114959882098e+01 9.566830679401052251e+00
1.287226589720529280e-01 5.959012558677975413e+00
-9.638650996915973934e+00 1.193122049084605329e+01
-5.336322349457794267e+00 1.469870323334037820e+01
1.444254331392799706e+01 1.605240056235735224e+01
-9.992260381511730571e+00 -1.162688870191477264e+00
1.987798949703235252e+01 -8.794932859333716380e+00
6.928885555806187924e+00 -1.314662452758143729e+01
9.478773059105856547e+00 -5.034272281638263458e+00
7.168623144017509219e+00 -1.681462616571097612e+01
1.397340213047833579e+01 2.373093506333251224e+00
-1.989389688478244489e+00 2.112402266290627750e+01
1.419089750638630676e+01 -5.443320337456260205e+00
-8.724195833690750135e+00 1.023147577837417899e+01
2.234517660139465178e+01 3.832154140301615275e+00
-2.252865485272006918e+00 3.927164249641813321e+00
9.759828111298977760e+00 -3.159039534596116638e+00
1.609893201998072287e+00 1.361749939048361213e+01
-1.382244755984918427e+01 -7.144697321167894799e+00
1.459098240503897159e+01 4.157967821554495735e+00
-3.772798667492107683e+00 2.155196033662364385e+01
2.440847992699081814e+01 -2.198343400637208234e+00
-4.470208562289864851e+00 -9.990663261900303738e+00
1.301966688779034342e+01 -2.068380998065515897e+01
-1.192359002698520243e+01 -4.187497790255449104e+00
-1.388621973155209233e+01 -1.038741803993924151e+01
5.904704763693813696e+00 -8.724029210528135181e+00
4.542836501396793736e+00 1.203308806095607686e+01
-8.595338542569175289e+00 3.654264403035583086e+00
-1.208082070792268858e+01 2.145361046565064100e+01
-2.297434859874335800e+01 -2.832443919285748901e+00
-1.110672850890082719e+00 1.155499601890917383e+00
-6.787067513169890098e+00 -1.560052229630293930e+01
-1.740116026749597111e+01 -9.784627318662852957e+00
-6.521854447839613655e+00 -1.730774328468660883e+01
-2.090229472601495075e+01 -1.051943588181809019e+01
-2.316693259670609706e+01 9.522951891456255424e+00
-1.419332189132748567e+01 -1.743638177165733083e+01
-1.467336218394794223e+01 -2.000801946579346513e+00
1.339077981328571276e+01 1.326380506385309133e+01
-1.246138815808116362e+01 1.004808376401211056e+01
3.471177930734028028e+00 -2.295816702910614282e+01
3.574925078070668949e+00 2.194828971043483534e+01
-1.571427248031802471e+01 -6.897007945862092093e+00
8.134248311011761601e+00 5.470674313819397838e+00
-1.250691703681728217e+00 -9.070029931974795900e+00
-7.043403213482658742e+00 4.334151915123118926e+00
-8.614793424788217635e+00 1.356949914864018147e+01
-1.186298928188434232e+01 -1.702222850556382028e+01
-1.811159744035868258e+01 8.482164978956218349e+00
-1.268606350787177384e+01 -9.049100848959911403e+00
1.704709414548536728e+01 1.338550629031088457e+00
-1.577841767837747611e+01 -1.216239246683164055e+01
8.793540056116563974e+00 -1.562234548930012323e+01
1.010260279730588451e+01 8.636186736293149480e+00
-1.012222299585322105e+01 1.687680350351059744e+01
8.429062249506980464e+00 -1.165878336368524693e+01
1.904455199106048724e+01 -1.249118703720871082e+01
1.172044524514354791e+01 -1.119679767877066645e+01
8.761244933862023743e+00 2.031491756101975454e+01
-4.690659484560635306e+00 -1.767906708228159118e+01
-1.252403653358964064e+01 1.346864717484763752e+01
3.706178483275155422e+00 -1.520845484925041369e+01
1.933428480563706486e+01 -1.076613138232365507e+01
1.898633664281918598e+01 8.508790012068519815e+00
-1.186956250000993229e+01 -1.497091559177733089e+01
5.469740594471336870e+00 -2.181069114381555352e+01
4.690880830668229251e+00 -5.925581755769126602e+00
-1.281686747651149716e+01 -2.425095874629258130e+00
1.747650416368384585e+00 3.776102804485999442e+00
1.474248776917743520e+01 -1.915710415999762262e+01
6.866224783666873499e+00 2.000236547054435832e+01
8.916905424634750332e+00 -9.654838303210267370e+00
-5.928279596424759212e+00 1.121084385898224900e+00
1.847421852977264134e+00 1.851713352360438591e+01
1.128504657082861762e+01 4.894910127888439932e-01
2.688811450757316646e+00 1.199650281899085336e+01
-1.788813668903309662e+01 1.809986555375341144e+00
-1.938991351013458697e+01 -3.308347970091662926e+00
-1.068040213558541041e+01 5.365537918995274325e+00
8.216821385820837875e+00 8.884583274362586991e+00
5.503522684722062408e+00 1.038779265263306151e+01
5.492550644660033399e+00 -1.976835991155487449e+01
1.198986792732495843e+01 -1.318143731374071059e+01
2.487728195182500102e+00 -8.435617363663290291e+00
4.511810856041007511e+00 8.793740876136643791e+00
3.161082798100113944e+00 1.687691625615273594e+01
4.856526342146067599e+00 3.786379884933200213e+00
1.315000409851090168e+01 9.898131445012648300e+00
-1.091658525342929131e+01 -1.010352513696753007e+01
-5.200937391056783099e+00 -1.436002218661806751e+01
-6.839736457759720167e+00 5.945662439342949135e+00
-9.334912241361379870e+00 2.029739543826420523e+00
-1.355343198993501730e+01 -2.066384776114532329e+01
1.868832035308575712e+01 1.301631392190206782e+01
9.194976720979235907e+00 1.687390023301373176e+01
-1.449241323220355326e+01 1.316600842949931582e+01
1.641595451128224070e+01 -6.915663499945773340e-01
9.319379445989866895e+00 3.661931543034584458e+00
1.834337280729193509e+01 3.637518806947964700e-02
-7.608612573721806882e+00 8.693254136727652792e+00
-9.356630580322104151e+00 8.652010388280162445e+00
1.856299989640755399e+01 1.066609845582116201e+01
7.443055847471397257e+00 1.043327880882532099e+01
4.667900386035097604e+00 2.007046182083479025e+01
1.139049988327380802e+01 1.673172543335598306e+01
5.991878498695550448e+00 1.855434598473832963e+01
1.275038652249176252e+01 6.840144487801934403e+00
-1.307882692054610219e-01 -2.296530835883621080e+01
-7.076771502751243226e+00 2.321108625535910264e+01
-5.843396028380515306e-02 1.829396892804246022e+01
-2.050188209711838994e+01 -1.494121789804649580e+01
1.924800825917781788e+00 -1.999635017155912564e+01
-5.397260339295452347e+00 1.850756001075939139e+01
-6.552785637645514250e+00 -5.466959989783969576e+00
1.058554310459750170e+01 -1.622266787797730458e+01
1.240001932397477979e+01 -1.500620815002033304e+01
8.884370847300617768e+00 -1.276322876740998646e+00
1.847992200556311460e+01 1.515809249969180428e+01
-1.744277439102709693e+01 1.438102562926255246e+01
-1.522936772095278357e+01 -1.908704042182382921e+01
1.026323217859543213e+01 2.038016591576520486e+00
-1.555110997286218932e+01 -1.385574599387565264e+01
1.181600335542157509e+01 -7.862809299632401938e+00
7.958021291659523655e+00 1.994013628529666959e-01
3.954025684711432564e+00 1.841333143886989987e+01
2.063715800509225673e+01 2.888684815720762078e+00
-6.738569282195930654e+00 -7.083130041465760529e-01
7.255825431252901581e+00 -2.065887219864858082e+01
7.393479519726933624e+00 7.389571003266916627e+00
-6.889220955111606592e+00 1.982738846938079647e+01
1.626988240492370608e+01 -1.009746622144140105e+01
1.899689268019294941e+00 -1.809220324295073112e+01
-2.521526063136371842e+00 -3.165384688927703305e+00
-1.102182044646087533e+01 -2.603397735741280083e+00
1.044793887621684547e+01 1.522040226231167459e+01
1.449433830974248316e+01 -1.029692289865681154e+01
-1.394963616805330542e+00 -1.607369294161760820e+01
4.369145818823726851e-02 -5.859158316537347311e+00
3.334509036458175313e+00 4.877334832244956786e+00
-9.399400135405652890e+00 -7.395893137264787143e+00
9.966923721562672256e+00 5.425037149837734773e+00
7.015821588433174050e+00 -1.487424612077652952e+01
-7.380779803181582999e-01 1.661361201089656348e+01
-2.082410587170089045e+01 6.502073473320347796e-01
3.719954476871310423e+00 -2.824614954604453221e+00
-1.118172908989132885e+01 2.327046011016371097e+00
2.235617589986073739e+01 -6.004795703814211016e+00
4.307612802751342507e+00 -7.713724699618579095e+00
-1.253691170556313850e+01 1.942453521581611753e+01
1.580997428272905836e+01 -1.371483878788854938e+01
1.026125277216430121e+01 -1.261476471421575773e+01
7.781549881073329900e+00 -8.135355963162574255e+00
2.393480355606506649e+01 2.547685410287046093e+00
-1.457180959108618801e+01 1.995674278237164501e+01
-5.118595358511184301e+00 -6.477382010299137072e+00
2.371454263908631432e+01 5.137797263442079654e+00
-2.318692003734205898e+01 5.522304041427262611e+00
1.263335230219698246e+01 -1.888714505255996201e+01
4.606055348851791353e-01 1.519434808974873263e+01
-4.578748719404543976e+00 -2.390483042565481497e+01
9.350087653852364511e+00 1.045273462480666105e+01
8.264799297937107880e+00 1.514281210844392511e+01
-2.267160662805118676e+01 9.473802616898192586e-01
1.688859876583744324e+01 -1.793409557990013070e+01
1.688303902063756112e+01 1.389033707971206155e+01
-1.236035407340652981e+01 1.704470646793380340e+01
-2.123602410538988750e+01 -6.860556504289454516e+00
-1.352049206192580222e+01 1.160334344152187747e+01
-5.606739794673322841e+00 -1.266179512264944940e+01
-7.406251736253038231e+00 -1.192459699606025048e+01
-9.959055790067665725e+00 6.973798498681376579e+00
-1.842946583091809032e+01 -5.014602139503652189e+00
-1.290639272562071049e+01 -5.706360367052418781e+00
-2.110408354048972868e+01 9.858691812308522984e+00
-7.820181926423639851e+00 -1.874827120857954199e+01
-1.893524249508809376e+01 6.156767948859108053e+00
-2.495099397393862972e+01 -2.951343447034973089e+00
-4.427943046202579502e+00 1.112274499579573828e+01
2.416808784232411966e+00 1.521655921220714269e+01
-2.118788345797958783e+01 -3.139523238269518846e+00
6.828399448567416208e+00 -1.172992206449708252e+00
-1.810136318541552569e+01 1.258020176112551702e+01
-1.010850076940965891e+01 -1.597850575036059695e+01
8.679352021507812154e+00 -1.366163788825039482e+01
1.907381409886255952e+01 -5.275700570364413977e+00
-1.032300138870069794e+01 -1.404219989769205235e+01
-2.301742305848744152e+01 -6.504795935896250825e+00
2.014291368855857911e+01 1.391026329401151962e+01
1.742065586526034160e+00 5.580711508816458277e+00
-1.509252063687984879e+01 -1.562988843600878930e+01
-1.967206607961577447e+01 2.204651629153673742e+00
1.778615790372369432e+01 7.299150695004550826e+00
-1.849355620207925810e+01 -1.625093691473760060e+01
1.348148177081794508e+01 1.754404848232909941e+01
-1.507181679605069924e+01 7.904069708702400554e+00
3.719452382829861570e+00 -2.099047768352211918e+01
-1.371541525096626302e+01 6.540775852563492698e+00
1.935596959235404313e+01 4.187997250551076078e+00
2.092740742351383076e+01 5.109207844127372056e+00
-5.392502209162479687e-01 -7.587799708235070995e+00
-1.560822775087065573e+01 -3.618158845455742068e+00
1.507619707613624982e+01 1.904399903675212613e+01
-2.197140513872852807e+01 -1.029738249925579163e+00
-1.074594824611357069e+01 1.861157350242130093e+01
-5.923843139405333247e+00 1.657022135567375187e+01
1.542509109535370548e+01 -6.728534262068645688e+00
2.276000893494970612e+01 -1.685975796749017652e+00
-4.439496204300111160e+00 -8.037039301541554437e+00
4.271950296869360564e+00 1.526542790809418371e+01
1.593059999901709656e+00 -5.390291286953404537e+00
-3.921381377000909385e+00 3.449939908812503120e+00
3.458302284245367897e+00 6.873956235532062919e+00
-1.927022515635892930e+01 -1.219065297254284452e+01
-8.169688324153103309e+00 -2.192429664978392623e+01
-7.817175462035063305e+00 -8.258490010346683619e+00
3.592872044248585972e+00 9.564652189109184022e-01
-9.053862766218706781e+00 -2.761191452463240381e+00
2.419893396387428552e+01 -5.053533214829387887e+00
-1.539082103762555498e+01 6.132476740361242129e+00
7.168209568266101783e+00 -1.872062263535352855e+01
2.095597444461728465e+00 -2.328347239713398145e-02
-1.174971467429461214e+01 -9.398710836997117291e-01
1.733884636854095973e+01 -6.163527710473176491e+00
1.883153953135744274e+01 2.134856587827563157e+00
4.889237371137785004e+00 -3.979010001401110497e+00
1.884338571826682296e+00 -1.626489201117678718e+01
1.994532076830594747e+01 -1.162808592868434410e+00
-7.859938392133466678e+00 2.152855922091091045e+01
-2.036747610970195410e+01 -8.596029322669391348e+00
1.541591719990789322e+01 1.271175892257140383e+01
7.638084660644491208e+00 -2.270012458382320730e+01
-1.969277318600396498e+01 1.170888425679701150e+01
1.429466751509099964e+01 -6.547971809125595621e-01
-2.554048005747028327e+01 -8.468251770461205918e-01
-8.302665405555522682e-01 -2.455457328432961361e+01
-1.850245047745444538e+01 -8.326505100798595294e+00
2.049754309493947702e+01 -6.674760305864545273e+00
-3.609660685183379014e-01 2.216581090292626044e+01
1.512453815907729471e+01 9.025225895585152758e-01
6.719906956112697394e+00 -1.152704825541261080e+01
2.073597653789945028e+01 7.354846281386294038e+00
-2.152557860353567065e+01 2.618022889217160198e+00
-7.598108136716660965e+00 -1.018711350974085939e+01
-5.640241419760789299e+00 9.437389857109923952e+00
-1.705755697632394874e+00 -2.183559431525136674e+01
1.072518542447687118e+01 -1.822452117805191563e+01
-3.146852120780714301e+00 6.734548488125145838e+00
1.048219824320393911e+01 -1.440298624031331087e+01
8.875768314919707080e+00 -1.749092218194608961e+01
-2.699278520112738278e+00 1.960080977989246076e+00
-1.733036318813796228e+01 5.360496255681169053e+00
-8.041329309718014073e+00 -4.367288236207142127e+00
7.809985346820063512e+00 3.828012139051718776e+00
-1.212217934275956743e+01 -7.296288042856257761e+00
-1.922294540396627838e+01 9.919277701375861511e+00
-2.333734991593324182e+01 2.911776660823275797e+00
1.074928659690559130e+01 -6.465270657223047834e+00
2.050827675382657844e+01 9.491876355070104410e+00
6.472707831940650358e+00 6.006568820567485645e+00
-9.268133771324512438e+00 -9.354355082475255045e+00
1.658358829974452675e+01 -2.840785533754060843e+00
3.499246042195296003e+00 -1.328409895894550807e+01
-8.663863572893440335e+00 -1.483399681201475317e+01
2.108658978100183390e+01 -1.020253711231902827e+01
1.304532761661633700e+01 -9.452896151879992104e+00
1.803070916377326416e+00 -2.196981757467084861e+01
1.328252732500509736e-01 -2.088063954310769077e+01
1.197806788458203542e+01 8.488137326749935596e+00
2.280768700434348517e+01 -9.870691751206800646e+00
1.946994330261005857e+01 -3.227077257821487688e+00
-9.452898839409925813e+00 1.514746047287439978e+01
1.277021311963146921e+01 3.779075096793634625e+00
-1.006085199265525887e+01 -4.136320561728891398e+00
-5.841258862368052363e+00 -1.902384062895421124e+01
-6.340152545050727895e+00 -7.403784860739487605e+00
-1.703799649795158189e+01 -1.508791843963462931e+01
2.203573595523460049e-01 -1.905589890504907657e+01
-3.899307488616793549e+00 1.763172851768762683e+01
-1.333717878839155091e+01 1.510146224761267320e+01
5.207767603985101523e+00 -1.419606860457493802e+01
-4.015755057905559866e+00 4.446022500881224304e-01
-1.070632193398659560e+01 5.489671994830463975e-01
