4.527635105648911917e+00 -1.284789368201808024e+01
-1.038523102567776668e+01 1.695874836599933033e+01
1.103580808168741001e+01 -1.568731156850093100e+01
2.265809365627002947e+01 -3.876244763425880091e+00
-1.056611153541046022e+01 -8.114665896153814728e+00
3.048274526533671924e+00 7.246382155963471128e+00
1.686171267892112624e+01 1.265547371538611543e+01
1.824904735795028188e+01 -1.415081678651005959e+01
1.262410440577661497e+01 -1.242552883544353559e+00
-1.129879425777498270e+01 -3.389915666224897706e+00
1.646792737902079651e+01 -9.218735312450947461e+00
1.161956286339119693e+01 2.435382737255207530e+01
6.192850161567716505e+00 1.098139198778460290e+01
1.816456584841161259e+01 7.359322118247969335e+00
-3.860935841480841901e+00 2.176220837241601558e+01
-1.673699248492299319e+01 1.348192612948545133e+01
-3.796927974963031804e+00 1.591106630733293725e+00
-9.929054982291116715e+00 -1.505671969314401437e+01
1.479323714244636534e+01 -1.195234724119713121e+01
1.603715281223168532e+01 7.478756517989198827e+00
-6.027917433631535538e+00 -5.180706109089763700e+00
6.952773380731416708e+00 -5.216978067879321834e+00
1.327241178458788085e+01 -8.615986457983858315e+00
1.153533879150887032e+01 -9.059998138046841731e+00
2.003630311021389687e+01 -5.772106635928500040e+00
-6.841295039187290428e+00 1.155857296293378855e+00
-6.974140971586115789e+00 6.240316270303733148e+00
-1.260915039189471365e+01 -7.923440525918410415e+00
-1.990243269508982449e+00 2.294055968479289831e+01
-5.289994154704404039e+00 1.122641977217353215e+01
1.283533806256164977e+00 1.930396479784297981e+01
2.315938399423732807e+00 -1.737577524944186891e+01
-1.204698142135408112e+01 2.078867102959446811e+01
3.022265785268279270e+00 -1.372285273957788654e+01
1.801568962617868408e+01 -1.800790087271975892e+01
1.230331240000032977e+01 1.762885276672142609e+01
-2.445470201202103055e+01 -1.004541154742374331e+01
9.103465856366646847e+00 8.257946967692262774e+00
2.230097284592425311e+01 1.912918055472256462e+00
-3.229470759016506598e+00 -2.283647032649733788e+00
6.051312216223965201e+00 -1.648094181628990640e+01
1.430466044757677935e+01 -1.369324694245136476e+00
2.374433698412901705e+01 4.870405368732016349e+00
-2.001644690637931134e+01 7.584429355931452399e+00
6.219985975221045571e+00 -1.276956382449192873e+01
1.930901756673696923e+01 -2.598282875202151398e+00
-7.604232258357778385e+00 2.342699116212575561e+01
4.912674389191241886e+00 3.425447941809836028e+00
1.655812014540213184e+01 -1.112025068765831648e+01
-2.150076488245690953e+01 1.520434048020727014e+00
2.330145240063466261e+01 1.064065197100897286e+01
-1.978518615232063027e+01 1.307512232141175401e+00
-1.038910064353193974e+01 2.098672119187733998e+01
-1.922084835672310277e+01 -5.312174347255536944e+00
1.119154681018397923e+01 -1.759814622993552291e+01
-4.253022789157091310e+00 -1.565465738252310679e+01
2.168985647668025152e+01 7.473052316284213070e+00
-3.402723082851331959e+00 1.186266695542466110e+01
1.309914978373858219e+01 -1.290403740161331214e+01
-2.140365446792505821e+01 6.536337277973544246e+00
6.413990827330902533e+00 -2.071919267351708172e+01
-8.123973939782077380e+00 -4.764121942393531484e+00
-7.965575665218692869e+00 -1.537200143449143042e+01
-1.425309114898491103e+01 -2.020270705616113460e+01
1.647759722031645424e+01 -1.509940070270365098e+01
1.488306466885747881e+01 -1.391066503118019959e+01
-9.806385210292173582e+00 -1.003359042008445989e+01
1.658453135874588469e+01 -4.757457491899387492e+00
1.492224941433451946e+01 -8.019946730488261011e+00
-1.028407492082701857e+01 1.108282044841656955e+01
-1.518836500938945555e+01 4.498509255004155882e+00
1.630318511335158860e+01 -1.711586937073781201e+01
-3.835827904501516450e+00 2.382566745577186396e+01
4.109425686350645535e+00 -9.748520264002403124e+00
-1.415253221066180345e+01 1.001682639320903290e+00
1.994373375681803751e+01 4.284219913434258231e+00
-1.059040900371103611e+01 -1.872211331787788069e+01
2.008241022728180170e+01 -1.337381834569826111e+01
-1.251192668686161724e+01 -1.956674082651575119e+01
9.132184534718026825e+00 -2.589876000449402582e+00
1.381342679682742869e+01 2.298906299882378601e+00
-1.480632567901129271e+01 1.375896007610397653e+01
1.193653965572229758e+01 1.406919067834085979e+01
1.268078772846064517e+00 1.716765568004505482e+01
2.145291967913897313e+00 2.497961558652261260e+01
-1.079993718154686277e+01 1.920743329088243634e+00
1.122338021032367728e+01 6.058672611228173299e-02
-2.440717679315237976e-01 -1.277126148733117894e+01
-2.797157510753986553e+00 -9.304126444858489720e+00
1.591667884996334337e+01 2.466338237583053594e+00
-2.143993124354586666e+00 -5.981321756324024186e+00
1.998147698511436587e+01 6.335708913821819444e+00
-5.897988207369848190e+00 4.586946334077294907e+00
-1.815344684502041162e+01 2.195200829266604536e+00
5.753787163909740432e-02 -4.797533798820552975e-01
7.655353630285744337e+00 6.488339324827006926e+00
9.520886071997709976e+00 -1.868930537930892655e+01
-8.595888093747358738e+00 6.502417557915091351e+00
2.926882444586162979e+00 3.887272815329621878e+00
-6.099108083668326685e+00 -1.423838622240064389e+01
-1.501684717884764275e+01 -1.313891229415719586e+01
-5.877623979587733416e+00 -2.450369676228321580e+01
-2.060560998098878116e+01 -1.190029659221877445e+01
1.170260497727979221e+01 2.030992668756174346e+00
-2.519807836242359267e-01 1.596008495386014303e+00
1.394662591739602497e+01 1.417696241014994740e+01
4.802087052541082812e+00 1.239362908704685795e+00
1.450953270111982363e+01 3.923995525369293080e+00
1.279995069122656126e+01 -3.083473652203643667e+00
1.844358865947426196e+01 5.053967954309384503e+00
4.156016870531304974e+00 5.508061142180872949e+00
-1.689333646129125199e+01 1.865919454080025019e+01
-9.546302380054248360e+00 2.375396900820010160e+01
-9.209890547060270549e+00 -1.701059298629263594e+01
1.421932086531670869e+01 7.484005697290526449e+00
1.998915701007660672e+01 1.211910001939251380e+01
-2.127236568473378853e+01 1.085027410280909699e+01
5.309314319179377684e+00 2.500033471911069682e+01
-5.357308833766565748e+00 1.650829857684686885e+01
-9.965907662962305569e-01 -9.437894720343384947e+00
1.233691237640539118e+00 7.361120144829550460e-01
-1.498431651029626543e+01 -2.406161523458421492e+00
5.865679580458847298e+00 1.605954867224617644e+01
-2.317524853575446286e+01 -2.065678357299780998e+00
1.064046933839901321e+01 1.785194745566823471e+01
-5.369218761191334011e+00 9.173605737245205560e+00
-2.012013889645110609e+01 3.023813291367562162e+00
9.375519810931541187e+00 2.423806356554321439e+01
3.730463192284950935e+00 -1.859499767888336663e+01
-3.712992399246621833e+00 -2.424402070284036270e+01
3.009648624249729565e+00 1.224838906154170992e+01
7.657633170494252184e+00 -1.785136105801599271e+01
-1.857379892049020853e+01 1.297555941653747702e+01
-1.772713822954626295e+01 -8.903626765779794283e+00
3.516837908248564126e+00 -4.475494886085336077e+00
-1.376174589849487795e+01 2.128965594507581827e+01
7.046451597137570744e+00 8.211146994183714298e+00
-3.466669946837817928e+00 -3.768052855955690283e-01
9.462752443130813873e+00 1.924336314454565411e+01
1.517939425131729081e+01 5.670715575881065007e+00
-1.742047576340040038e+00 1.274599584758872162e+01
-1.406280941592793887e+01 -1.824699971655010700e+01
-5.118487484744936644e+00 -1.963116715912054033e+01
5.361767502586771705e+00 7.132540299795005367e+00
-2.213005422937139954e+01 3.262094475654127468e+00
-2.414120268618057352e+01 3.474316087210160386e+00
1.290483205950683754e+01 -1.847100537558848998e+01
-1.624855232343047717e+01 -4.051413576103652048e+00
-1.720996902885130098e+01 -6.132673360663497553e-01
-1.358329106410949061e+00 -2.884395774181426564e+00
-1.482837632199714584e+01 9.102758209515052101e+00
-7.975661054378374359e+00 -2.158874756120103200e+01
2.821684376874100231e+00 6.598064458726989878e-01
1.094518827348496792e+01 1.593127490861813378e+01
1.392228498234634770e+01 1.080251239391651552e+01
1.908191501582805572e+01 8.553528270762947860e-01
1.030106354960822124e+01 2.105349172778305800e+01
3.254095497447060392e+00 1.409064883666684587e+01
1.091634323195511058e+01 -1.943744088572024076e+00
-2.129224278884433730e+01 -2.082051336917981832e+00
1.420551131143141577e+00 1.303242051023090120e+01
-7.321411039568135770e+00 3.114294536231073440e+00
2.100598454640393697e+01 7.420622089458965842e-01
1.805520833758708932e+01 1.481325870895212837e+01
-1.558846014145142789e+01 1.713035424118445604e+01
-1.122667880961793330e+01 -1.170478218840589157e+01
-5.969370536662381710e+00 -2.138151633353937697e+01
-9.713705335573616040e+00 -2.253685934547605640e+01
-6.962873466940915357e+00 1.522678856032537276e+01
-1.295354734425991339e+01 1.928358724242748679e+01
1.219118859729227644e+01 -5.156220094476509530e+00
-3.602691092640392778e+00 1.585432429851029568e+01
2.189390217688161222e+00 -2.989295095756288045e+00
1.103423231326133092e+01 8.919955508031405245e+00
-9.863847854879354005e-02 1.176221429352946934e+01
6.217358380542626684e+00 3.671222974333911149e-02
1.659680843400903782e+01 4.124023293043775240e+00
-6.903361886307910478e-01 5.557188530970861962e+00
-7.020401641068045429e+00 1.721698706836629356e+01
5.381266305975544562e+00 -3.824460516443827451e+00
-1.493076472779046426e+01 1.920752906083392020e+01
-1.129149572025179005e+01 2.262290209713587785e+01
-1.291866135255821746e+01 9.077715727891517261e+00
-1.766018671513807092e+01 1.659176684083481135e+01
-2.087942278892640502e+00 1.902864819092632942e+01
-9.290441673905210251e+00 -2.028613228902812793e+01
-1.923642833543080144e+01 5.969008692126978488e+00
1.462500830285793718e+01 -1.789595679934094008e+01
1.965837609857781665e+00 -1.946828074574546719e+01
-9.256793877625574041e+00 8.163221638289044790e+00
1.590799457098859282e+00 2.316081693413786269e+01
1.279254431634163858e+01 1.247259523511365309e+01
1.413381565478820256e+01 1.753873587714390681e+01
-1.215548179299950959e+01 4.252212062754252009e-01
1.713988627629341011e+01 1.921907469398314205e+01
1.118007767468582792e+01 -1.388502422915847312e+01
8.798079099837313066e+00 -1.081132316968633589e+01
-2.290758015270279557e+01 9.611396433662376282e+00
1.072931663642570044e+01 -1.068333945968285370e+01
1.961867124270717255e+01 -7.438394123334145291e+00
-1.783318916065117321e+01 9.831100636579733987e+00
-1.194936189128714332e+01 1.774300695441308662e+01
2.453103215713050034e+01 1.562342747236947771e+00
-2.233299100482275890e+01 -2.435607599509028720e-01
8.383540972572548711e+00 -6.569183414879466554e+00
6.158117892606343347e+00 5.315742539566546299e+00
1.611715155338713235e+00 1.097311624028165511e+01
-1.658795448117326998e+01 -7.298524275934874517e+00
-5.489186729247591545e-01 3.499219195228793211e+00
8.512573145745129466e+00 1.341705041881374072e+01
-1.792774313961168176e+01 -1.436437377605371779e+01
-8.776289071968406574e+00 1.820748599337842322e+01
-4.759123310144480534e+00 -2.282039608926921304e+01
3.259420629527601587e+00 2.211497225398427346e+01
-2.268686487262031193e+01 5.159368336188471460e+00
-7.005870094570499695e+00 -2.299440094738942619e+01
1.473521885800548148e+01 -1.587000443282416917e+01
2.179283985564154591e+01 1.295272585002447130e+01
-1.715329992296301453e+00 -7.587685246927249771e+00
6.722034727808654964e+00 1.265201312167756242e+01
7.783383126225264625e+00 9.801201666913588184e+00
-1.510518286992903292e+01 -1.133399222912557924e+01
2.177802147605751060e+01 3.690955319995150585e+00
-1.235053602908532433e+01 7.452178498571649712e+00
-1.129332195029766517e+01 3.779976324939241739e+00
-1.423934822482538287e+01 1.562348494947488931e+01
8.350211556848289973e+00 1.169257460599174614e+01
-6.671005186946289633e+00 -8.628642814520121718e+00
-1.738074281505194829e+00 1.081864354605188794e+01
-1.668245113658369760e+01 3.175076503568933894e+00
-5.495379463355759775e+00 7.105826997116709620e+00
-1.272225443547911006e+01 1.419265281805064483e+01
7.897603986988983138e+00 -1.603361382830231108e+01
9.875584558287044956e+00 -1.246677905966930666e+01
-6.975032752377373413e+00 1.042245340404404352e+01
5.326355832839604787e+00 1.402693017037423573e+01
-1.617371977643544234e+00 -2.064629123363732788e+01
-1.182339443944066382e+01 -9.692963532568789731e+00
1.411433633501504303e+01 2.101864198074302692e+01
1.473964295478840114e+00 -6.890326088510017932e+00
2.794294372602516230e+00 1.824261581817162536e+01
1.158153737719293375e+01 -1.202571186008129267e+01
-3.134684768665836341e+00 -1.924830967121294378e+01
-1.937973714733167929e+00 1.693239912705631056e+01
-5.067061722575970428e+00 -1.764993059384833973e+00
-8.647900861484112411e+00 -8.453768720588600516e+00
3.314802715240935171e+00 -2.348565916691334010e+01
2.329652870877062298e+01 -1.939482840849324763e+00
1.805588606839925703e+01 1.119083820025471532e+01
4.745499916728825873e+00 1.237697956353543383e+01
-8.495601783138054586e+00 -1.866166081169767921e+01
-1.398705479806510610e+01 1.071875117065256333e+01
-3.432255730972295193e+00 1.389273676723710693e+01
-2.095965993216839607e+01 -1.007605658651380054e+01
-1.072649938929870927e+01 1.908342654561224450e+01
-1.017377625515806194e+01 3.942991674439976640e-02
-1.809337343365214901e+00 -2.387974834399602386e+01
1.584971447694381474e+01 -1.931824818004448829e+01
-8.183040593873737834e+00 -1.355691061345299531e+01
1.055141330962387602e+00 -8.959410731987405896e+00
1.138026275311320568e+01 5.418643581414021249e+00
-1.396959464933485684e+01 -9.415870453224201242e+00
1.023910327445877577e+01 1.410622179215387639e+01
-1.382981064031966467e-01 2.398823808557254011e+01
-9.991908495914161747e+00 5.173958609188262336e+00
1.285395870876916113e+01 -1.667281699378538207e+01
-1.430328916530003802e+01 7.610060014216074364e+00
1.988045501714808694e+01 -1.140031610618782132e+01
-1.907495795039387154e+00 2.491431935311257462e+01
1.537040049045599588e+01 -6.014448592562578355e+00
-1.407580912574668019e+01 -1.624091965728336362e+01
-2.204431001902269571e+01 -1.320720198873943829e+01
1.790095311686639334e+01 1.714680011297671314e+01
4.231793277780829143e+00 -5.217282811991472702e-01
3.786480424359534580e-01 -2.491759383580338216e+00
-1.233477243044801774e+01 -4.674189374337749392e+00
8.749303379486533805e-02 9.591531763140601186e+00
-1.314315934048975265e+01 -1.267808010706774802e+01
9.416472685382125007e+00 -1.671685480883780528e+01
7.518716129184427999e+00 1.667822011241564084e+01
1.697650226009914221e+01 6.002001010959455485e+00
2.348296652959808384e+00 5.596567886492694655e+00
7.143459166430542240e+00 2.374303228358090578e+01
5.683381052575458448e+00 9.236272856992457037e+00
-8.736676613764839061e+00 -1.380045108536885667e+00
-1.969885244530279778e+01 -8.650386932635390380e+00
-1.640948967623782551e+01 8.372202390530008032e+00
9.540748024501944258e+00 5.821149514974666594e+00
1.307846933905537945e+01 5.126407680766471575e-01
-9.813586880109271604e+00 1.301984229605954546e+01
-1.819611149834281250e+01 1.471442038668035401e+01
4.325066457856788560e+00 -1.683247066436879891e+01
1.984616062887951671e+01 -1.550304468656942980e+01
1.834331568233612764e+00 -2.499829754495435807e+01
-4.873846782374529063e+00 1.286914037299477975e+01
-2.531013788907452877e+01 -2.037881920663568547e+00
5.254689698090245109e+00 -1.106350837191405390e+01
5.307321877410269728e+00 2.302775444452870701e+01
2.011799572015442905e+01 8.285146678865976000e+00
1.986953347130970471e+01 -7.814843322326809893e-01
-2.095348369684749024e+00 2.106056846892452938e+01
4.249606678325691611e+00 -2.022859293306433770e+01
-7.611974491361676698e+00 -1.713501503037680607e+01
9.496842639219279514e-01 6.420649775204642751e+00
1.612280552818132318e+00 -1.219574879681376522e+01
-2.431637649523793687e+00 -1.527830915124840239e+01
-1.926091071142551669e+01 1.119963993390102175e+01
9.445561671678266435e+00 -6.304878524417002472e-01
4.355502317144249069e+00 1.724287913089065682e+01
-1.588108938759545907e+01 -9.294402690442650439e+00
7.637173918047912125e+00 2.549181841815091687e+01
2.140634869808801000e+01 -7.922502835583505210e+00
-2.040892430599474139e+01 -6.871023561702935822e+00
-1.059995733286405084e+01 1.477960037933635995e+01
1.229266094250765029e+01 7.188573582766499825e+00
-2.101289106831948672e+01 -5.047038645949752045e+00
1.660355384904558207e+01 -1.304976588887961064e+01
-9.088019508461874452e+00 2.204468106176665287e+01
8.106223664896511139e+00 2.049984189145586555e+01
1.998069823339318773e+01 1.411472629816884883e+01
-1.538591855716670409e+01 1.198213621465477097e+01
1.344643579742945905e+00 -4.735475547495873627e+00
1.262390046202337857e+00 -1.418070441558235473e+01
-2.078760131415085866e+01 4.752122699604259815e+00
9.910202656369230922e+00 -2.051067030187563844e+01
1.183795408494208701e+01 -7.151720053578921821e+00
2.223662098128799336e+00 -1.025948015755381881e+01
-2.052809845456118865e+01 -3.232181562780050421e-01
8.006173906807578788e+00 -1.270155147098038739e+01
-3.677386526528442001e+00 1.976613499028884391e+01
4.888886481687658048e+00 -1.478020933914623036e+01
2.170021354432532235e+01 1.119016832536357242e+01
1.324057545752075704e+01 1.935959081222717515e+01
-2.280816481967949727e+00 6.651561503594980884e+00
-2.368866721148280874e+01 -7.792581110975784320e+00
4.304596567260688289e+00 1.542176839500285190e+01
-2.822700840930602029e-01 1.602579293553256790e+01
2.424527763574330308e+00 9.307997069329253748e+00
-1.057708367346958589e+01 7.019165914497714098e+00
5.523630314820524578e-01 -1.795217585235566915e+01
-4.753453331813455307e+00 -8.951239473150344850e+00
9.708344364086455514e+00 -9.271089089160756913e+00
-7.156862496526704476e+00 -1.998987799479309757e+01
1.903583792711090794e+01 1.839792966722281164e+01
1.799740888532404171e+01 -1.609239946801017496e+01
-9.377228417857944365e+00 -3.289584399922102165e+00
-6.964180280581597771e+00 -1.224388914021732511e+01
4.640400274025260785e+00 -7.755123131625646593e+00
2.172283241306425339e+01 -8.749685719986196597e-01
-1.956288087277918919e+00 7.354734427722645629e-01
-4.562602932875359230e-01 2.009507322376021321e+01
-1.006811280036139600e+01 -1.316673379827849999e+01
2.125099611244205100e+00 -1.094038988170841664e+00
9.345929414026230564e-01 4.527882755321036790e+00
1.360924489012008998e+01 -6.583325979598242839e+00
-2.525739936048440271e+01 1.511954823839285700e+00
2.357122222581591231e+01 3.044641993378641942e+00
-8.704272444033795963e+00 1.608800524070620597e+01
1.369835717751768378e+01 -2.001202418717679166e+01
-2.091088715655275099e+00 -2.562163104158721438e+01
1.057847413173353601e+01 1.227265359160007208e+01
-9.339327183200412108e+00 3.410303925152660121e+00
5.796822598365347190e+00 -1.867963963672462668e+01
1.696197503796251738e+01 9.106273602425211777e+00
1.498104345161095807e+01 9.137985558012601928e+00
1.140123150633471028e+01 1.952158601506677726e+01
-6.778388576444151603e+00 -1.059330017265822876e+00
-1.153664823889356938e+01 -6.345524047461973183e+00
-1.572134058607682050e+01 -1.882012369839273802e+01
4.526096773678008667e+00 1.918885065924368760e+01
1.425436228541096417e+00 2.127681647296209633e+01
1.395689037699936241e+00 2.622395419476641454e+00
-4.457994742603832883e+00 -3.725318695281160775e+00
-1.852207626998355749e+01 -7.116792704286192262e+00
2.164521987748873144e+01 -1.222095446659302276e+01
-2.009742639684480991e+01 -3.496762537799921855e+00
2.468010179618625344e+01 -3.279022541500790311e+00
-1.371760525707544609e+01 1.748615060299595569e+01
-5.625079658825565126e-02 -7.762813854005649716e+00
1.218037570292997751e+00 8.179791887331726130e+00
-1.464935318280654464e+01 -7.691174651739313362e+00
1.479571007501361279e+01 1.250391522395864108e+01
-2.411432960204271936e+01 -5.580240363140854143e+00
-3.106302169175451655e-01 2.211647463395901525e+01
-3.679980911688741863e+00 1.777686367720007254e+01
3.617341567367282629e+00 2.400570922472577351e+01
-7.271178140922462063e+00 8.345060892603378022e+00
7.857153288576860461e+00 -1.966222856102225691e+01
9.687744796881231579e+00 1.033140339383675510e+01
1.706339877465018873e+01 9.997767195436405574e-01
6.300314048858619564e+00 1.988443362666926006e+01
-2.022373015052508993e+00 8.840756479967916803e+00
1.329498858519614934e+01 2.278122826131862766e+01
1.087294371231280010e+01 2.272650603592183316e+01
-1.285109892965637179e+01 -2.159900114664513282e+01
1.293622096388740417e+01 -1.485481882779523843e+01
-8.002657664442269336e+00 4.771016943477345507e+00
-2.135344291252286908e+01 -1.525579084626918913e+01
1.825489612922369531e+01 2.847852984041855162e+00
1.027399585081052535e+01 3.675474521667438488e+00
-1.205161390694662593e+01 -1.559124916194897281e+01
-2.262026763371093452e+01 -1.137504726831805613e+01
-2.242919429888102556e+00 2.595392521976038758e+00
-1.368817890599062359e+01 -9.123800801364854163e-01
-1.039203261033289216e+01 -1.825724409326882958e+00
-1.852338022551790075e+01 -1.236661661284606595e+01
-2.238172254046683918e+01 -3.913401896432205707e+00
1.506020720198879737e+01 6.797628965028617021e-01
6.033774887851986790e+00 -9.139480645775552858e+00
7.045013423244946615e+00 -1.086906266468494309e+01
1.097944672801395155e-02 -1.974977318124270909e+01
7.295666743040835733e+00 -3.325953345856852650e+00
-1.316810719287248332e+01 -2.833311048343905014e+00
-1.812157176665124680e+01 -3.668732008319136373e+00
1.422983180259254254e+01 -4.579436787473813553e+00
-6.361995601529826239e+00 -1.832260666979343711e+01
7.594773471988525593e+00 -1.378475336362900316e+00
-7.434048012167433939e+00 -6.694350508095766372e+00
-1.566327340059715301e+00 -1.127963396080104541e+00
1.699404763520620254e-01 -1.085525879459695808e+01
-2.335241681370243327e+01 1.467588064692330496e+00
-1.541969246909510360e+01 -6.285960177794672754e-01
-1.935245876632029738e+00 -1.348919592297689363e+01
2.314255602824721336e+01 6.573352226488198724e+00
-8.320952889242020589e+00 1.187706200566856296e+01
-1.319854901462494468e+01 4.049753803903857197e+00
1.491513361634756052e+01 1.586971999049973014e+01
1.849499362949012493e+01 1.310751362214200988e+01
1.261559149409524494e+01 3.767356230399040218e+00
1.663623741999285599e+01 -7.127186076273279269e+00
-2.147146446345896109e+01 8.626858317836514800e+00
-7.098253473967800709e+00 2.139539511764920476e+01
-5.399719393283393565e+00 1.856096275723215783e+01
2.489410664184990551e+01 6.709872611764706285e+00
6.862821713652915712e+00 -2.271967271508650299e+01
-8.549900288758594868e+00 1.414357073444929469e+01
8.040160963230164270e+00 5.839438294177844435e-01
1.295235114297632073e+01 1.594233997426476712e+01
9.913920460265288170e+00 -7.587272909287455569e+00
-7.825412718108773369e+00 -1.036339404698717814e+01
-5.529246534910552846e+00 -7.050121661052906497e+00
8.404680107022038271e+00 2.600630078350791408e+00
-1.592749484905960067e+01 -1.492857936022756249e+01
-1.900843781217798423e+01 -1.765087672205919667e+00
-4.132096221908474476e+00 5.614468140372540716e+00
-2.846889274449351692e+00 -1.723116737634861195e+01
8.769154639444472821e+00 -4.584132525625649102e+00
-1.193986231071353465e+01 -1.321988417066996213e+00
-5.553467391379285356e-01 -1.485062142410452246e+01
2.936636490755752060e+00 -1.554712446857551278e+01
-8.801366433501611297e+00 2.010273208653206467e+01
3.399970453003389181e+00 -1.161574820720112378e+01
-3.652016442487470371e+00 1.000697946153175444e+01
1.606546734045193503e+01 1.751393296015582379e+01
1.360967871231803628e+00 1.503233024300837606e+01
1.177024454548270249e+01 -2.129325823837574916e+01
8.271041052940828919e+00 4.645280017879452217e+00
2.524654802929814679e+01 3.379673774788100271e+00
-1.761729073392772094e+01 -1.630347727276247483e+01
-2.226922821542941122e+01 -6.124976351928961726e+00
-4.135631199214405029e+00 -5.571391215377931694e+00
1.177208377654271132e+01 1.066623444963298439e+01
-1.595237643985628340e-01 1.390337535701777227e+01
2.124253477744747087e+01 -2.552585433995176789e+00
2.382495024742374312e+01 -5.463545163112698333e+00
1.299251903308326739e+01 9.055110585233283160e+00
1.145888612123723327e+01 -1.940074384091579773e+01
-1.899594306249538178e+01 -1.048940674610537549e+01
4.785477620098933293e+00 2.110541659855427810e+01
2.171650586717112930e+01 9.281773639438378964e+00
-6.470916360933085532e-01 -4.401531435533598824e+00
-7.718444891153629861e+00 -2.855154398194900800e+00
1.848468808654842022e+01 9.275734650518371538e+00
1.813274130141889273e+01 -6.192735158400588524e+00
-1.211233901485617537e+01 1.083867161843295790e+01
5.198329196489388515e+00 -2.402466957128805092e+01
-1.742979990170281468e+01 1.162673272268955493e+01
1.294985921991642641e+01 -1.070213010469238490e+01
1.600089124787110251e+01 1.422482123800489440e+01
-3.562334425182982933e+00 -7.415531611997630002e+00
-1.742769428321176406e+01 6.694819597092759089e+00
-5.974046144741666176e+00 -1.616407003364688677e+01
1.989393021338120704e+01 -9.410299295708139056e+00
-5.210324429217321196e+00 -1.248531377955324118e+01
1.074677791740669974e+01 -3.870185167443882968e+00
-4.530043918319427654e+00 -1.773651704304078436e+01
1.997681779491453113e+01 1.025704334948089524e+01
-1.182116773689434375e+01 5.591734459860162154e+00
-1.688044554781687268e+01 -2.402455257048973447e+00
-1.354095653796258603e+01 -6.163817624646860338e+00
-1.315137257574328977e+01 -1.105933619289235281e+01
7.699589129968860135e+00 1.861441739823507291e+01
1.667213940963899432e+01 1.589260431739593393e+01
-1.242407957102886407e+01 -1.762258164169178443e+01
2.306414167828253170e+01 2.725975052988754421e-01
2.980192482394504072e+00 2.025675893302009811e+01
-1.615520956938536656e+01 1.529218308612236044e+01
-5.579369502155008043e+00 2.384856417205034163e+00
6.017699147675742211e+00 1.801538152874599064e+01
1.516564127990947952e+01 1.937788291007142050e+01
-5.248147112247797175e+00 1.464400622542348351e+01
2.190773211331265813e+01 -5.808103382410777726e+00
7.020168133959297840e+00 -1.454997641220698945e+01
-5.434696133206563751e+00 2.050212414467314659e+01
-1.314069791064229609e+00 -1.862974185255187010e+01
-1.432561461311272133e+01 -4.314543751278459460e+00
-1.994098943682819680e+01 -1.367039781381326513e+01
-6.803045187170747354e+00 1.301792931247140928e+01
-1.635367469542283558e+01 1.141558974398276138e+00
-7.025987116084684736e+00 1.933760953692947737e+01
3.920630148826623529e+00 -2.404106804271940234e+00
-1.370724770816263671e+01 -1.449714246092577774e+01
2.166989700520041850e+01 5.396271841874038522e+00
-2.039184762328260447e+01 1.306777476382656822e+01
3.416104201383843630e+00 2.404142214881578976e+00
6.832033974268169274e+00 3.641903760736294959e+00
1.825375764903801112e+01 -1.232415794642534657e+01
-1.908402790052205755e-01 -6.035409775591000781e+00
3.103158995838244394e+00 -6.248625151190857707e+00
1.811984490265326286e+01 -8.527425041178924303e-01
-8.768598079164039660e+00 9.851339701460466003e+00
2.357910422858665456e+01 8.384130661417277253e+00
5.707846320895597181e+00 -1.934738518089987869e+00
2.717609101272774108e+00 1.621467925397527310e+01
-2.284680302965151810e+01 -9.590498972006278322e+00
-1.223515453656218988e+01 1.593985011294178733e+01
-6.172374828747698494e+00 -3.378649476974708410e+00
-1.760303601002539464e+00 -1.120380786042922061e+01
9.180927084108795100e+00 1.720943142782424573e+01
2.478508172283985544e+01 -5.116197483376331290e-01
-3.794525208487692591e+00 7.843499371091871453e+00
-1.847873153431144644e+01 8.037263303908881440e+00
4.070333393853530879e+00 8.631450326942502471e+00
8.739520486217065454e+00 2.243178577586306943e+01
-1.709800436263016010e+01 5.099436370980903632e+00
9.221969158151857027e-01 -1.604193894016833966e+01
-5.109229008480733469e-01 -2.253543352560775404e+01
-1.706463757744834808e+01 -1.085444091715732107e+01
-5.549095795743407500e+00 2.253770631324729834e+01
2.024630319038120518e+01 2.482828114930722752e+00
-1.583659397692613524e+01 -1.694384700345171879e+01
-9.821547616772526856e-01 -1.665558642540866074e+01
3.964793954398834863e+00 1.051565689900184175e+01
-1.639351017558244195e+01 -2.047554050306878892e+01
-8.206052250748339105e+00 1.703704114217922394e-01
-1.922184400817585459e+00 1.489649362291360646e+01
7.414786229446495014e-01 -2.125296759068808328e+01
-2.324892914364955487e+00 4.562804934832070280e+00
-4.047111019709582536e+00 3.590345535865331339e+00
1.223786925350805888e+01 2.127249086595141137e+01
1.815996273558029017e+01 -1.032171050109489308e+01
-1.376224290190021193e+01 5.898860900819279607e+00
-2.169683516723153005e+01 -8.181818717178828138e+00
-1.738105653806431050e+01 -1.843861848785175894e+01
1.474315086134127739e+01 -9.930926737525068049e+00
-2.664548473215877955e+00 -2.237941270437641350e+01
7.128024930188238351e+00 1.466299127225083865e+01
-1.978676760149894065e+01 9.501630709433468880e+00
1.330613642815261599e+01 5.465372860198039362e+00
7.983081605935317349e+00 -8.692125296842375448e+00
-1.181851420821336518e+01 -1.379672008996127097e+01
-3.816067597096757247e+00 -1.070592361009899385e+01
-1.871845845026353372e-01 -2.460969987656754299e+01
1.600489001140460488e+01 1.091684928828541246e+01
-1.744879931544769747e+01 -5.528988498809738417e+00
2.066612149573254698e+01 -4.153238867409620561e+00
2.313124666410741170e+01 -8.928644545960048973e+00
1.815485782492080702e+01 -8.341234268346923386e+00
-3.948106437379664602e+00 -1.393065986682248258e+01
-2.538409484051130605e+01 -7.027674638742490210e+00
-1.144462298833883018e+01 1.276812052650557838e+01
8.471856147930564518e+00 -2.166033427945327716e+01
-1.561952309962743257e+01 6.481313295347977288e+00
1.612730443084202747e+01 2.107665497423049672e+01
-1.905732567164530167e+01 -1.765892907984173021e+01
-9.410199068333371386e+00 -6.637740312720100455e+00
-3.246315095940678130e+00 -1.234861040029875134e+01
2.322101648396995444e+01 -7.215317159788923185e+00
-5.766451430485611596e+00 2.440710470857278835e+01
9.194956246831079483e+00 -1.450960813787831682e+01
2.160273399678452577e+01 1.491200552277401137e+01
-1.338965054014958156e+01 1.244080127262655289e+01
6.795577805758735046e+00 2.189741791452984643e+01
-1.266567242916935676e+01 2.261598505386753555e+00
-2.324024431931820445e+01 7.327852276885807647e+00
-1.016484926163511737e+01 -4.940612044486500487e+00
-1.850182665501516865e+01 2.439593487607970290e-01
8.921144028063178411e+00 1.534503078717094660e+01
-2.427413851068726558e+01 -2.624644770184675346e-01
6.496979743077305081e+00 -7.176728279378839837e+00
-1.603347113783807032e+01 1.020398548479826495e+01
6.521889798599067589e+00 1.885497362922920361e+00
-5.611130836179416548e-01 7.589973104540090887e+00
-1.940029962362440941e+01 -1.571608025469955905e+01
1.031180226362404717e+01 -5.719314152666467699e+00
1.056968119962991182e+01 7.180026739193100305e+00
-8.995304510695316225e+00 -1.171825892543516900e+01
-1.107344442834754084e+01 -2.086263888595306781e+01
2.844070280720847332e+00 -8.220492357877782652e+00
-2.589119862425691565e+01 -4.489331242108241860e+00
-1.081723543028545009e+01 9.144912940827083503e+00
-1.543578113954757924e+01 -5.880314992155378562e+00
4.998999249584948679e+00 -5.798356411248851927e+00
1.320136622642311020e+00 -2.305933380064130844e+01
-1.860392329529451416e+01 4.096384142007969409e+00
2.161092623815557090e+01 -1.015554158646372329e+01
1.719989455267007727e+01 -2.808207097322252377e+00
-8.938337763082172316e+00 1.762023177601063750e+00
-1.673174838534298559e+01 -1.285463721278538962e+01
9.781737941629289779e+00 1.552966343546847039e+00
-2.429482561070088309e+01 -3.562007412079111202e+00
-2.458239120091809582e+01 5.641629960999253512e+00
1.861921081127287181e+01 -4.376119496274345266e+00
4.802718366915788906e+00 -2.209975462525769174e+01
1.618486794968945475e+01 -9.204167987251461458e-01
1.521497788513433314e+01 -2.974195121263224717e+00
-1.475800680338704574e+01 2.763356500365574231e+00
-5.947975753359542317e+00 -1.053019388771974008e+01
-5.280332713904007491e+00 2.926472693636010813e-01
1.969432885910813624e+01 1.606882053489466244e+01
-1.078323482820522905e+01 -1.677187889029099566e+01
-3.321063563100896121e-01 1.810057406588322237e+01
2.776068159891718512e+00 -2.153388969308691969e+01
-2.588255071746059066e+00 -4.122249516052050033e+00
-3.842672493620834739e+00 -2.102935121148239261e+01
