-2.838560557310960242e+00 -7.255333434114033864e+00
-1.345400503672670389e+01 8.318978408531731983e-01
7.055749333250511235e+00 -1.348959277075051588e+01
-5.733976229143914694e+00 1.914082080327504798e+01
-1.117249196095238517e+01 9.941564838831915552e+00
-1.975981409262490018e+01 -4.136573512578378242e+00
1.063240261665177755e+01 -1.728943619376372354e+01
1.416847160357350477e+00 2.172188104319144841e+01
2.041610154774288333e+01 4.774443808855441063e+00
1.034254187566353123e+00 1.805998488046661166e+01
-7.346119564480044772e+00 5.626753545349927776e+00
-1.981570566944195377e+01 -2.224775647159227709e+00
-1.595270245038256762e+00 1.260202380398222033e+01
-1.799083838901011978e+00 -1.318534768763686849e+01
8.051317203313379522e-01 2.114671461536981933e+00
-1.548527283617194072e+01 1.491473371900133138e+01
-1.481069013879981178e+01 -1.135838102470477651e+01
1.278342424162598867e+01 9.471184381901356364e-01
-1.100029753728362536e+00 -1.844570488776050610e+01
-7.439376202608681155e+00 1.310461499827497356e+01
-1.594597151621004194e+01 9.809977915655329284e+00
-1.519400546110709271e+01 -5.185211628980840537e+00
-1.651788374662634951e+01 -2.623936419734955283e+00
1.458111932206474215e+01 6.556156864167571818e+00
-2.656044261447038757e+00 -3.892428652428362224e+00
-1.246601860408849838e+01 1.687224595168085983e+01
-3.600788797079729875e+00 -1.253004662631411925e+01
2.323526396301475216e+01 -3.974311534795670564e+00
5.306746802835679233e+00 2.087162374392299569e+01
-1.030809673479046573e+01 -4.916157678267248698e+00
1.259431639819267801e+01 -1.663409558263014532e+01
-4.306685136701094763e+00 7.575510760627866880e+00
2.344891356355118806e+00 -2.251693904678601754e+00
9.744962409971945405e+00 1.120378291431602946e+01
4.717752422492805131e+00 -1.855943248998597639e+01
-1.645337983373617519e+01 -1.177042842770038078e+01
-1.710213715748469454e+01 -1.362158533510100078e+01
1.336920260940632943e+01 -9.541463677447922009e+00
-1.047486719668224175e+01 1.668722014725206648e+01
-7.942169542360424384e-01 6.356280650099304097e+00
-1.008044649572027041e+01 -1.157801827603747391e+01
1.689048818725340695e+01 1.427493108883282069e+01
-1.662630344172585950e+01 -4.406204326259952175e+00
-2.584079793367724420e+00 -1.128948995903300556e+00
-1.373279429396895068e+01 -1.673270911609444767e+01
-1.799202633334047263e+01 -1.010178370725499519e+01
1.517834199023238995e+01 -1.623384487991185177e+00
-3.876553744212595021e+00 -8.296156154679202643e+00
1.802866203293493541e+01 -9.781750842775107202e+00
8.998629372362801249e+00 -2.123918590809038065e+01
2.116365796105328556e+01 1.064020333514878125e+00
8.170701204666920958e+00 8.813745757946344739e+00
3.879173633459796378e+00 3.205970506809230347e+00
1.669060294348836493e+01 -1.313349802579559622e+01
1.528282681869465165e+01 2.934273467455573936e+00
-1.141040706872308852e-01 -1.394091930549676128e+01
1.736852523538629356e+01 5.241614202092542030e+00
2.528687184598150672e+00 1.699787336112026281e+01
1.259188154716421515e+01 6.990611179950009912e+00
-7.936276875272576525e+00 1.016803259335916465e+01
5.031791860672844230e+00 2.070967493541244320e+00
-6.802926904608560754e+00 1.612739493350194309e+01
-2.139284327324245893e+01 -7.219877690450194230e+00
-1.791447803892944179e+01 8.740310548651606837e+00
-1.075343191755480277e+01 -1.213710811234935738e+00
-3.338195627629329643e+00 -1.086380109262744220e+01
2.180437155807623739e+01 3.195292493887442742e+00
-5.711145959264334326e-01 -9.108840888844889960e+00
4.315350435269386331e+00 -1.217794916659054749e+01
-2.174205881710214072e+01 7.947837229953663929e+00
7.685165223936087031e+00 7.277444981322844342e+00
2.219247889276348218e+01 -7.397407743747990594e+00
1.666523503029763020e+01 -4.161290536684652430e+00
1.279544137614793087e+01 1.149665503135677369e+01
6.061758331386482901e+00 -1.958971586840978940e+00
6.982229249327686738e+00 1.129001015076021019e+01
-5.234392819818171283e+00 -1.825462956365293765e+00
1.676016694016200015e+00 1.127880795227114952e+01
1.336606504658150385e+01 2.444939096458805583e+00
2.679520367400109127e+00 -1.321846046368740879e+01
3.576358170748350496e+00 -1.708255286560197916e+01
-5.953574284848080822e+00 8.252985835209962318e+00
-5.962654728339701116e+00 3.331974006461833060e+00
4.129841608961015709e+00 4.773105194828212383e+00
4.434885613428405371e+00 -2.319889835335942863e+01
-1.757324876729182250e+01 -1.546511940689023668e+01
-1.353126591241073484e+01 1.850769313867322197e+01
-4.936069300994506470e+00 -1.131009867757051168e+01
-3.951226398955571817e+00 -2.053617572295554794e+01
-7.215297129402343579e+00 2.068579304606233293e+00
-1.224182333575084947e+01 7.120354723760320859e+00
7.478799936198062603e+00 -1.486601494599478102e+00
-6.866879454149174222e+00 4.477956241863751963e-01
1.075382741678875576e+01 6.710640344846042993e+00
-1.057771012069188998e+01 -1.347441809477027697e+01
1.186142835887313929e+01 -2.125818860822001888e+00
-7.667854490834960401e+00 8.788727889474088784e+00
3.609115686948618063e+00 -8.917769283523377055e+00
-7.328385460203579171e+00 3.895708111507246496e+00
-1.985757750422729950e+00 1.059515661991986546e+00
-1.139941700169680161e-01 -5.650778254695652869e+00
1.293712637784825503e+01 -6.298696339960542900e+00
-2.630997807204496830e+00 2.362647417423954899e+00
-3.302945073333064308e+00 3.573302944075883225e+00
-3.301594342968577900e-01 -1.234723146388187054e+01
-1.495525513421998731e+01 -6.786038692099356950e+00
6.934673392256135216e+00 -2.175261861028355170e+01
-9.432323905004958320e+00 -3.383228079297012081e-01
2.053310600005238840e+01 -6.851257090003438854e+00
-6.119401465222855663e+00 2.104415662376486296e+01
-1.697172036797778105e+01 4.634433234460682449e+00
8.984364612155536278e+00 6.266567365014628521e+00
-2.020096906412595317e+00 1.622036351398804399e+01
-7.992953941530110740e+00 -8.071489086899712451e-01
7.909854361284657465e+00 -1.974014372406352891e+01
-9.828480150708227114e+00 1.484544217990854698e+01
-4.895129596109275560e+00 -3.307323240330988234e+00
3.956879039765977879e+00 -1.380855755374673954e+01
-1.360971793285222020e+01 -1.003401319607650111e+00
6.165550748286460880e+00 -3.661866158438616736e+00
-1.794037316177995445e+00 5.351120305656283271e+00
1.793415114480754635e+00 -1.621218182191368840e+01
8.173647130925157711e+00 -1.483910548387051698e+01
2.226899347423289299e+01 -5.572588230700157297e-01
1.064226275741023109e+01 -1.165540360039080570e+00
6.918375517082769655e+00 1.176077127959159974e+00
-6.952492850055688400e+00 -5.600058458543556661e+00
-1.553577741088778197e+01 6.406476695311070557e+00
-6.218977781550369954e-01 1.890496950011835509e+01
1.591822036685061192e+01 -1.694959226925958973e+01
1.446910591335196017e+01 -1.601420490940371977e+01
1.916392232362742831e+01 8.282049206086647075e+00
6.299315528725741409e+00 1.286607969233790705e+01
-5.853336564785301732e+00 1.257771364578906237e+01
7.822756826612047298e+00 2.074240919857674115e+01
-1.648166931519219336e+00 -8.277026426529708658e+00
-1.652759341209634059e+01 1.634945373134215529e+01
1.963114095435945394e+00 -1.778608663259488409e+01
-1.053949060176956287e+01 -3.162262146744434510e+00
-1.604816273223540080e+01 8.073224589317243627e+00
1.872646868695010625e+01 -1.008553380660479837e+00
1.251854203953283040e+01 8.784152172061283181e+00
6.047025238215317344e+00 6.777240242488468347e+00
-1.115372799257083614e+01 1.178685230665521466e+01
-1.877492692629516213e+01 3.559790753714899392e+00
-5.136284790630319286e+00 -5.520041231115537350e+00
-3.495832940400693367e+00 -2.614868022918767743e+00
6.693102551806826561e+00 1.460471022098610661e+01
-5.599780760655188594e+00 1.488296029239523977e+00
1.164788556330612579e+01 5.413017334543809511e+00
1.104759003959399699e+01 8.304423826775527928e+00
2.082846325655784270e+01 6.952540995925584610e+00
-1.107790124270292687e+01 1.341637773230628206e+01
2.219309043903345824e+01 5.237500088870773673e+00
-1.305370876323803486e+01 -1.085144895633601791e+01
7.953374771864869963e+00 1.577481656954761213e+01
9.793510772489286254e+00 9.539667791837731059e+00
1.039723463055014507e+00 1.451015816285287841e+01
2.858912325816191924e+00 5.840703405167784190e+00
9.513846178920653429e+00 7.821855374642257885e+00
-1.174589839627779142e+01 -1.208896665025405959e+01
9.003513730865618570e+00 -1.141350635089528254e+01
3.659929179951733058e+00 -1.540407402861404540e+00
6.656979673626165273e+00 9.754956131394189711e+00
-1.425658197989962872e+01 9.337557477860242372e+00
1.386643025597814827e+01 -4.989189669909301905e+00
6.630420726817055632e-01 -8.169497286719721529e+00
-3.051859303324826911e+00 1.004499207063890864e+01
3.650097367677910487e+00 1.067403145540293607e+01
8.607049383556768518e+00 -5.408774375311073968e+00
1.455803352709552634e+01 1.296424866968817868e+00
1.839421522770074446e+01 -4.455227117391807212e+00
-4.384777370196032975e-01 -1.074687506587487462e+01
-1.344913859118960886e+01 -6.132499944455910956e+00
-4.983764804942886761e-01 1.525099257331714497e+01
6.349697192557656189e-01 -2.667394328682545890e+00
-5.933489773465865369e+00 -4.348728411461791232e+00
-1.436699875222265277e+00 9.337322502348708753e+00
1.360242898446157866e+01 1.608981103776451960e+01
5.075543245208653076e+00 -2.153044898869189083e+01
7.343263598184877061e+00 5.592919961475250723e+00
8.705047790214695880e+00 -3.801110725803121149e+00
7.996545762556134918e+00 -1.106790063330957696e-01
-8.345320460393676143e+00 8.950751236928418120e-01
2.083764996382267976e-01 8.757489349751708119e+00
-1.390521587685752181e+01 -1.460564518826577718e+01
-8.566191272131129963e+00 2.853049829946677551e+00
-6.649184320872171483e+00 -1.123056276413037580e+01
4.276530106645891394e+00 -5.988015237858499873e+00
-1.031249014079701354e+01 5.066007122080845804e+00
-1.089938321025031165e+01 -6.673913614658443016e+00
-2.589788843050770506e+00 -1.747209775533070442e+01
9.965880882314584355e+00 1.578996788345815361e+00
-9.218958342755042779e+00 -3.818723226713453656e+00
-1.773870767424902084e+01 1.424534407375148781e+01
-1.449893232453772995e+01 1.682180931551926761e+01
-2.864528155625606587e+00 -1.418199484399111654e+01
1.729613484854715999e+00 -3.749773494644315530e+00
-6.563667657995244653e+00 -3.010081692437974521e+00
-7.178394554818362749e+00 -8.253431996507639923e+00
8.592896024913654784e+00 4.509749341135857570e+00
-1.300313433873244762e+01 -1.859755766283254985e+01
-9.326168100493067215e+00 -1.966461775436629811e+00
-2.274209886673846981e+01 -4.769178097269949568e+00
-8.415517237115199833e+00 2.125668092611722315e+01
-7.437348877475900011e+00 7.169707114869528830e+00
-1.744320966449595289e+01 2.552971483496456528e+00
-1.616012745719287480e+01 -9.977720158948503837e+00
1.078025713897075244e+00 3.899680234842549664e-01
9.833437754520353291e-01 5.562788920870116449e+00
-2.267470225727663546e+01 7.774886266009557456e-01
-9.218613580670107055e+00 1.811780397628410810e+01
1.909351395162229537e+01 6.128994509127431378e+00
-8.674238625258023916e+00 -5.396744220685987692e+00
-5.709048549498744407e+00 -2.074568921690669754e+01
9.490764145028702359e+00 1.687278025245591095e+01
2.063565474876777373e+01 9.174896663792125651e+00
-2.776472427574056212e+00 -1.923488126327712067e+01
-6.129924965232275369e+00 9.762739032886250001e+00
-7.125773045367238545e+00 -1.270720576081413355e+01
-3.144009491425732605e+00 -5.711368667512945585e+00
-6.692245171521744168e-03 1.192826348877438392e+01
3.263042549238079348e-03 -7.315127384392208221e-01
-1.197156693245881165e+01 1.096103382236903734e+00
-7.247772502517763726e+00 1.785744772278225057e+01
5.940340355008228990e+00 -5.572856824411127619e+00
-8.085445358932645377e+00 1.462710667763182038e+01
1.389210410068906931e+01 -1.795364210554376427e+01
1.968263631955303339e+01 -1.021340729854650142e+01
1.144491082712175789e+01 2.152120860552152681e+00
-5.424418479677958871e+00 -8.269630168752849286e+00
1.414933342415494399e+00 -2.280446871948769427e+01
-2.338271732024059801e+00 1.977194243831871745e+01
-1.442692671659436376e+00 -3.876030388480227185e-01
4.039509931646106722e+00 -1.050466927428587738e+01
1.083207863419181471e+01 1.974574651642140566e+01
1.644136098613749652e+01 1.731665126866082982e+00
3.933561966772111784e+00 -7.471118443135086551e+00
-2.112092084259789715e+01 -5.275300711178014801e+00
-1.211591628578065283e+01 -1.407545351124973187e+01
1.772580479720143387e+01 -7.804480450606798847e+00
-1.002064764463823821e+01 -2.065671463004974839e+01
1.111099243424847494e+01 4.174093714252927745e-01
1.190467696221423566e+00 1.986775261330838660e+01
-1.907091140559686693e+01 1.574601986894189842e+00
8.807942090669143909e+00 -6.949664954396083338e+00
-4.048813330939986521e+00 -1.064889365295234702e+00
-1.291855896599659159e+00 -1.647384182116075380e+01
-1.956230854979007105e+01 -1.736694702426523906e-01
1.835630702515440404e+01 -1.191322137804041148e+01
5.991264202397490912e+00 -1.218633873761814890e+01
-1.631713310919499094e+01 1.262908089296165492e+00
1.544244851752491066e+01 -5.426812073312436979e+00
1.524187803900203919e+00 -5.200660402065099497e+00
1.168321094355984435e+01 -1.381812330677566436e+01
-1.609342638009007564e-01 3.285604742117823385e+00
1.294639685055541456e+01 -3.583810747079533954e+00
1.154403130259970744e+01 -7.096465551124981452e+00
-3.639387069328653634e+00 1.669368934776252900e+01
1.573533925252985988e+01 1.461067313962186032e-01
-9.049296304235486588e+00 -1.923503367032445155e+01
-7.643544087702108136e+00 -4.245495303904013973e+00
1.380915874371967789e+01 1.295943495798844580e+01
-1.219549618502004940e+01 -4.018321179845262270e-01
-1.263571788811298369e+01 8.792477734718060489e+00
8.984534592086012239e+00 1.895758218477895340e+01
-1.193865435717653511e+01 5.573041999687659676e+00
1.205703847373400883e+01 -1.046411437232982600e+01
5.342149647965929837e+00 3.699570522728000466e+00
-4.399808181813561703e+00 -1.423808135259148244e+01
-2.150311619143657893e+01 -3.205154082577379437e+00
-1.236669763555138601e+01 -9.159978491638957721e+00
1.156717764539988025e+01 1.015311728452757656e+01
-6.165193507007215246e+00 -6.842151417365464283e+00
1.025971490785124551e+01 -6.172004781145449925e+00
-9.498206348862934689e+00 -6.703516061643203905e+00
1.595274955995910915e+01 7.906884151394244498e+00
-2.878597940689323842e+00 8.370521918343605705e+00
-6.112980018577508723e+00 -1.437840236521449278e+01
5.021380222632090273e+00 9.494748081721404276e+00
1.663937909054761022e+01 1.077723009488891037e+01
3.145623413665763923e+00 7.542383710046983047e+00
-1.511754023354465204e+01 -1.751734506043914008e+00
-1.346238924190527797e+01 -2.736111587123241318e+00
-1.525606700024266260e+01 -1.323771521154924180e+01
9.841134964764075121e+00 -9.264422636137199518e+00
-1.526122015584363822e+01 -1.750623508138160034e+01
9.606340691185529579e+00 3.042528129107535229e+00
1.141978429691747365e+01 -3.664053179665687665e+00
-1.127876066779213815e+01 -1.028329123512370380e+01
-2.018768359036633431e+00 -1.164282908442580045e+01
5.616934214449679885e+00 -1.698570589840831246e+01
-6.040427685466837282e+00 5.017140265061462934e+00
2.508503276808246696e+00 1.523355446457545881e+01
8.407669753203251162e+00 -1.007124569089769217e+01
6.403329475662154380e+00 8.250124803611422308e+00
7.642412026612730003e+00 1.751602361325012325e+01
-5.058034540203721008e+00 1.559852912751497733e+01
1.400589487547157219e+01 -3.653398501139439869e-01
-2.016299085667506041e+00 -2.389448334736272272e+00
1.404224448204806741e+01 3.913310285845088110e+00
3.135771172833913489e+00 -1.519558334011695955e+01
9.807109607654782124e+00 -1.421656941124763485e+01
1.357942981670548654e+01 -1.130188934648570154e+01
1.738179036270988931e+01 1.232106992276611201e+01
1.339412094704123390e+01 5.354365443434311977e+00
9.891242529568549102e+00 1.312576115669071442e+01
4.051815143403816322e+00 1.568873178098510124e+01
1.005679646351113377e+01 5.077601294081127925e+00
-7.001574489220939723e-01 -2.012930012627509058e+01
-4.730754889865655066e+00 2.777631809306851385e-01
-1.803741129761963080e+01 -1.390461067644972903e+00
-1.936221458580464727e+01 1.261662119526689629e+01
7.215632221175185101e+00 -4.720998496725870908e+00
1.635961510961018206e+01 -2.648775857567433167e+00
6.450672073244955840e+00 -1.524279085731469507e+01
-1.279421639492192142e+01 1.214605491406864068e+01
1.301103835185985425e+01 -1.491624501073886755e+01
-1.811702072465170232e+01 -1.184955386795238930e+01
1.553743980563947780e+01 1.615880528638427194e+01
1.822586832264745738e+01 2.303677009311381418e+00
-1.667147348329617529e+00 3.819466938873339767e+00
3.105657882023214800e+00 2.033146276382101547e+01
1.554307593272342025e+00 1.293498909249727724e+01
1.112123186187317181e+01 -1.550595873477321085e+01
-3.185610855251590046e+00 4.979723186667447621e+00
1.882994788385014928e+01 1.299899077974645678e+01
-2.206834308046893156e+01 2.747290206509094279e+00
4.807020447552116771e+00 -2.724364720325157307e+00
-9.733790190379794538e+00 1.107395511259753640e+01
-1.736564429794782072e+01 -8.497358432192346100e+00
-2.044862455428632231e+01 4.474195966482060527e+00
-4.790249972816902790e+00 1.075622813112037512e+01
-9.031416860264386282e-01 -3.430693141829471049e+00
1.015189760232328631e+01 -7.790603814453259446e+00
-1.229195577539286788e+01 -7.390087439660265822e+00
2.159896351666780490e+01 -3.017585853904217075e+00
1.875780146754841127e+01 4.091021570474193680e+00
5.675541012368297444e+00 5.235714115197795060e+00
1.222960207506897845e+01 -6.845531548967399571e-01
-6.234751613883941168e+00 -2.226442171208931597e+01
-6.915167974443764187e+00 -1.927849492755170502e+01
-8.939320959377553777e+00 -8.272134532058062817e+00
1.602842946629210985e+01 -7.281707195669580024e+00
5.608444988655004515e+00 -1.071081774306718515e+01
-1.271859100660189412e+01 1.059180075395509846e+01
1.108094466940925393e+01 1.443868788401172942e+01
-5.808371697305855008e+00 6.684616599576660434e+00
1.797541187018946829e+01 -2.663303173323885886e+00
-5.085012407367394127e-01 2.243005722729051499e+01
-1.376712199020840188e+01 6.102892989469454577e+00
6.802480729962529615e+00 -1.830679374758368283e+01
-2.248569965169389562e+00 -2.117891151844911235e+01
1.878275913062292091e+01 1.050040450542621073e+01
1.761568655685241325e+01 5.188899643388007465e-01
-1.409364939433208797e+01 7.580241030998308815e+00
1.736913481977098428e+01 9.065447758991076910e+00
5.379755040666335475e+00 7.004667539528870446e-01
7.340793627573111380e+00 -1.154083870092535058e+01
-1.589155412983078364e+01 1.164999642907526756e+01
6.751806422698570564e+00 1.927643783338064765e+01
2.542354918108820971e+00 -4.791943679885657392e-01
1.023664043339981511e+01 -1.256993691429704008e+01
5.110488652807402055e+00 -8.978890495889938705e+00
9.518312030721517658e+00 -1.768994830057642742e-01
-2.872501932287674364e+00 -9.201225325404275068e+00
-5.075234885582835531e+00 -1.591545434021150918e+01
1.552093977803700753e+01 4.734716218674713595e+00
-1.279596051734648299e+01 1.370801245363365872e+01
-4.410792312728935904e+00 5.989607753423150882e+00
7.510282566181600394e+00 -2.963734517151372483e+00
1.146706134664335153e+01 -8.888495786110444996e+00
-1.977158677544709420e+01 -1.069270430360634982e+01
-1.434054547897198795e+01 1.113172993814223233e+01
1.361257716290482556e+01 -2.023035113445925237e+00
1.010147483461332563e+01 -2.830157314642828936e+00
1.539859777828925758e+01 9.520098468879837128e+00
-9.512797046469225748e+00 -9.854220660443695934e+00
-1.873309586986691500e+01 5.346313108042840767e+00
-8.930709939352498239e+00 6.181136718068969138e+00
1.361180700601569882e+01 9.895328966880441612e+00
8.122810387716228320e+00 1.395573071010653265e+01
1.691512300803409019e+01 -1.106605329061752574e+00
-1.558206249779799935e+00 -4.864599655394042266e+00
-2.829393729643206457e-01 -2.181483479029606087e+01
8.819066853577764320e+00 -1.803940392056988884e+01
2.888889131036799007e+00 1.858611315529329389e+01
3.116798231060705859e+00 1.376885083681795585e+01
1.697809590664660417e+00 6.852520024286934408e+00
9.758053515727448390e-01 -9.558171845076724793e+00
1.085143496210570824e+01 1.804690741292526113e+01
1.469996702712893644e+01 1.125433362085994027e+01
-2.359569536737673001e+00 2.157210643470835620e+01
4.719567421587762546e+00 7.997816066067657381e+00
7.203090525700766023e+00 -6.586424789532396851e+00
-1.063617562996587651e+01 -1.557125101559322999e+01
3.543216056588883944e+00 2.196931122880345910e+01
3.928297637074236626e+00 -2.021189006621365536e+01
-6.415157668448157047e-01 -1.916463195051683055e+00
-1.641530370461649113e+01 -6.472190922208683750e-01
5.460436429957220561e+00 -7.072536647274656474e+00
-1.194472961833975333e+01 -2.110928132655756961e+00
-1.938062259979295376e+01 -1.294080849276220846e+01
-1.422596184771689032e+01 3.395631580997516608e+00
2.383636609844478560e+00 -9.882197529024608684e+00
1.083772418664275428e+01 3.750596793705637921e+00
2.221329624007505998e+00 -8.024202016973587703e+00
1.245340724924855591e+00 -6.680909515189038750e+00
-2.783641334448669458e+00 6.685896912077860854e+00
-8.624309068011939416e+00 1.644529228664667642e+01
1.938457003582357885e+01 -8.231351476918639776e+00
-6.138169079797239469e+00 -9.724606368500841924e+00
1.529430165925158347e+00 -1.449246926959021131e+01
-1.185867283380254733e+01 -3.913180842415127980e+00
-4.447391709770167623e+00 -6.819847602259814678e+00
-5.402875848819045146e+00 -1.285320161141041240e+01
-1.616888982029922062e+01 1.334039316425347366e+01
3.373517988264508105e+00 9.102516532863846876e+00
-2.092040324716643696e+01 1.057792773768698957e+00
-8.252849913415101213e+00 1.174784915332008239e+01
-1.656966901544987181e+01 -6.396720796806807385e+00
2.548342806953836970e+00 4.328007665580652308e+00
8.556152720490590724e+00 -1.311028966900352977e+01
-1.821210861495666933e+01 -7.051653148862404130e+00
-7.754764434666649997e+00 -1.438334947776406558e+01
5.358950557476973131e+00 1.106628065788192394e+01
2.346203298864976716e+01 -1.931327219808758544e+00
-1.170468903069733990e+01 1.519081835401388325e+01
-1.390097918814478284e+01 -8.092303951960177599e+00
6.001266837752003980e+00 1.619083368492451314e+01
-4.530803450479527150e+00 -9.685127304037690621e+00
-4.109789143484007923e+00 -4.466445044413106302e+00
-7.978568833449602771e+00 -1.757740167347967741e+01
-1.585257921623950494e+01 3.079948012598387130e+00
-1.858922219728514236e+00 -1.006087643849739166e+01
-8.018872157279574253e+00 -2.671849811125816210e+00
7.600890504584396190e+00 -1.667956674822217167e+01
2.113956431739899244e+01 -9.112940925310761386e+00
2.717787640278059413e+00 -1.910643457597103989e+01
-1.819181546230889168e+01 -3.275401283007888686e+00
1.570715332127529962e+01 1.276595769539370018e+01
-5.796508445139974874e+00 -4.177259149810591543e-01
4.798705733168977972e+00 -4.381743549516611935e+00
-4.853200525775483776e+00 -1.907946552253046235e+01
-2.071767587553690504e+00 1.783580502585643401e+01
-1.341029727805369731e+01 -1.273340395094153621e+01
-1.936793564512127830e+01 -8.462892552951984726e+00
-1.659601690296861776e+00 -6.336820396366206865e+00
8.004449341665855755e+00 2.835170953851083642e+00
1.031637441241480380e+00 -1.111044981445846247e+01
6.950439178970381882e+00 4.068644343827616083e+00
5.008562572982790506e+00 -1.008908363762404559e+00
-4.142216063567556006e+00 2.047820547865993035e+01
-5.410711575806682383e+00 1.737302485448556766e+01
2.594018249716413038e+00 -1.162636638412292278e+01
1.196875834630041169e+01 -1.833191353413393898e+01
-1.362981043981635310e+01 1.515203687952809730e+01
1.204690436920258634e+01 -2.001448707258915505e+01
-1.478516014176728399e+00 -1.492677745209351237e+01
-1.776596065580481110e+01 4.820024714177413294e-01
-9.960474307766274293e+00 3.415167789458017911e+00
-6.580345639703714333e+00 1.127392524671093632e+01
-3.066739968743690703e+00 1.326983445843212905e+01
-1.788899510275406279e-01 1.349175619852696784e+01
2.967842244589172118e+00 1.212952807590029991e+01
-3.327629168080492583e+00 1.499359277015916625e+01
1.007674669267717960e+01 -4.611428771561445927e+00
7.175302635676461538e-01 -1.906603580524312846e+01
-9.511375648797509186e+00 9.359205843383247014e+00
-8.739781329308724978e+00 -1.602292241170626852e+01
-4.087714670134418249e+00 -2.233778149685899805e+01
1.494056153559690792e+01 1.455057528731958705e+01
-8.779672033314302126e+00 4.522764492193281249e+00
5.985770727076582531e+00 -1.996788401546946545e+01
2.057206793848947513e+01 -1.061189783563446731e+00
-6.899120852058672426e+00 -1.599948550974175632e+01
1.933647192495277223e-01 -4.288353972506118161e+00
1.212280979991505081e+00 -1.243813447061717259e+00
1.236869955992570702e+01 3.827842681591571594e+00
-9.780518827795496861e+00 1.983210555567423228e+01
-4.609837899234240366e-01 2.064686679089905041e+01
-1.433346047310832283e+01 -9.622964544234161366e+00
-4.237938925528466960e+00 2.231726114368743552e+01
1.179347476177303911e+01 -5.175383055035028157e+00
1.535909951786100791e+00 -2.081328067987445252e+01
1.765612727949500282e+01 7.176470156933437039e+00
3.123473984596558228e+00 -2.186614573016558083e+01
1.482599324213477132e+01 -1.407800953744175310e+01
2.023689522411103070e+01 -4.807641880238518794e+00
-1.916718468899345718e+00 -2.297424855238441666e+01
2.218080282316299279e+00 2.799300823272233618e+00
-1.050259304434834506e+00 2.260614114372569539e+00
1.665325192152096534e+01 -1.102981224469224308e+01
2.194803663759592638e+01 -5.226310216936544073e+00
-1.108289688174781062e+01 2.352718858821270853e+00
-1.107091305784454605e+01 -1.914127204874017707e+01
-1.316890339877037874e+01 4.542746837201675270e+00
2.413753714765920766e-01 -1.554204994007668361e+01
-2.294230399280644050e+01 -1.848636575598424203e+00
-2.984340491095103243e+00 1.156821266357503930e+01
8.939713515242722508e+00 -1.797788124914491803e+00
-2.104949261419292128e+01 -9.271167893251888614e+00
-9.889449434306717635e+00 -1.749649003636672617e+01
-1.463924830076778960e+01 1.847782015301569158e+00
8.222247561141280414e+00 -8.341690308137987842e+00
4.459130544949778674e+00 6.378826597581761959e+00
4.560609907132207042e+00 1.253508717293845898e+01
3.434382723626125400e-01 7.287197451067174647e+00
1.195937780494808500e+01 1.308898440685128506e+01
-1.740464159513186004e+01 1.048549627516301186e+01
-9.649944080431167137e+00 1.539652931801581914e+00
-3.881572586921766099e+00 1.850936397674485789e+01
-1.093046129297701619e+01 8.313084097610632384e+00
-3.930411235169728457e-01 -7.211568660880352866e+00
9.527648669153482075e+00 1.494901612708503613e+01
5.893498929270926112e+00 1.783970510747394300e+01
1.973296506457676713e+01 -2.883390142701796499e+00
1.293645081567581379e+01 -7.938103975035484261e+00
-7.847768317436151442e+00 -2.087615527946063665e+01
-1.491971441668678899e+01 1.679514150547047890e-01
6.804641820532409291e+00 -9.731339936133192481e+00
-1.503954931556734920e+01 -3.456809374405857227e+00
-8.864009186137149499e+00 -1.286123561603799459e+01
1.044747825784752138e+01 -1.072004100143464456e+01
-1.192037094850080337e+01 -5.505795286212819661e+00
1.167418979366647491e+01 -1.202174345063714256e+01
-1.068261827638238692e+01 -8.539649568221442166e+00
-1.765044544599543741e+01 1.229408991195322010e+01
-1.506434721401903687e+01 4.863491620181600084e+00
-9.150864976098866066e+00 7.738541346070243243e+00
1.014137584232019051e+01 -1.936054558505905732e+01
-2.454183830396535204e-01 4.830889244015688533e+00
-4.570442913028650800e+00 2.734080516192782362e+00
-1.062130524957324695e+01 6.708978690446658177e+00
9.788642595996011053e-01 1.627735949956705497e+01
-1.423116401225431149e+00 1.089394348589171280e+01
-3.101870783262193676e+00 2.181303469133019646e-01
-4.543529827634485763e+00 9.129570371312656363e+00
2.277257946314636683e-01 1.038650463943716318e+01
-9.385386805082490014e+00 1.300436922449152988e+01
-3.206652376869208787e+00 -1.585823474985583559e+01
-3.719952892391836241e-01 9.026008849928971456e-01
-1.449432067527544987e+01 1.310004443260270968e+01
-1.121740711356161668e+01 1.830374483140335329e+01
4.760185672717134331e+00 -1.549438765730381462e+01
6.539288095209975005e+00 2.520592342089893911e+00
3.089566964089967449e+00 -4.864749154945791076e+00
1.144792566061724770e+01 1.613192130404602054e+01
4.337437659005781931e+00 1.725202572592575123e+01
-6.343864974076857344e+00 1.441083667236745391e+01
4.683708595477167336e+00 1.910447228074310289e+01
1.941352664927668314e+01 7.929778691375686250e-01
-1.165944678535805856e+01 3.894781114400085897e+00
-1.168250530331646253e+01 -1.727658309937339354e+01
-1.741877775062156797e+00 1.428451853847442621e+01
-6.924702075127752821e+00 -1.549181595335345163e+00
-6.043756517686387220e+00 -1.752071511777912249e+01
1.648311794828818577e+01 -1.511538619381490101e+01
-2.093698455437981920e+01 1.042573766794951062e+01
1.447710442103581840e+01 -6.771127407616156724e+00
2.025675475196019093e+01 -1.207241601970949851e+01
1.117524986299209289e+01 1.182204830687083863e+01
-1.717911956442804922e+01 6.585085203299401613e+00
2.267490514395964940e+00 1.156270922457071748e+00
5.012263889549344320e+00 1.432574940418147236e+01
-7.840805477279140234e+00 -6.876732583088840833e+00
-2.037740115634895588e+01 2.796084049571401664e+00
-2.140072042671730657e+01 -1.004459148116766176e+00
2.705345615737926313e+00 -6.488278496743859591e+00
6.438988911261353643e+00 -2.839327701094397360e-01
-8.376530941465844649e+00 -1.126176798131331935e+01
-4.168798126827317319e+00 -1.747962320201692066e+01
5.455201142600057729e+00 -1.385135521673155345e+01
-7.808092651041524057e+00 1.952015064819651258e+01
-1.915177774947717992e+01 1.046448560813897366e+01
1.460843277675495067e+01 -8.512203069412697332e+00
1.479390033774070901e+01 -3.444638194798643305e+00
1.122662929939345577e+00 3.897446813449575664e+00
1.289483395089019524e+01 1.465846096749776173e+01
9.274167467856401004e+00 -1.603767386094533975e+01
-9.407944447506132235e+00 -1.449387368709309420e+01
-1.990200266244532656e+01 8.717851183263437775e+00
2.300550225864613196e+01 1.617411341220734933e+00
1.338297279166221188e+01 -1.309670220176536581e+01
1.620596615759041015e+01 6.291708344331233604e+00
1.692838308586205898e+01 3.511925215655539834e+00
-1.885972425253320850e+01 7.187943611408731392e+00
1.513241436161610487e+01 -1.027742226861640162e+01
1.838340997913629948e+01 -1.413045540202119277e+01
-5.035180445107616531e-01 1.701174643963827648e+01
-1.182751656017017616e+01 1.999570441189224468e+01
3.387658290831832009e+00 -3.349484235063056925e+00
-4.352289233209818420e+00 1.223937290510052023e+01
1.699525394536046896e+00 8.427724184476931057e+00
-1.076224494017027666e+01 4.341033863017306760e-01
-1.344679494097035644e+01 -4.480364358531532254e+00
-1.569053226363489806e+01 -8.202256637417413287e+00
6.529112108989925112e+00 -8.122616761595343959e+00
2.005457208927779789e+01 2.677432560021762331e+00
8.285833008587236037e+00 1.042032115222925626e+01
-1.567841356797702268e+01 -1.530695721029051448e+01
-3.772899186395469062e+00 1.570130929522454588e+00
-1.355475701942597810e+00 7.746700598728553544e+00
1.949938041846140724e+00 9.843241033774315696e+00
1.711673522151763649e+01 -5.932748980481812318e+00
1.640120353166869549e+01 -9.054991447182345610e+00
1.417502328923560384e+01 8.152394391600713774e+00
1.893345369547575530e+01 -6.271725275434662628e+00
-1.970487223516733977e+01 -6.336728606152009391e+00
-4.700352893961587064e+00 1.393490716602787494e+01
1.241642416276498295e+00 -1.280992291331063093e+01
3.020759442311411469e-01 -1.731443818460084216e+01
1.514922206176920660e+01 -1.229256668555531284e+01
-2.070497828324500489e+01 6.394809077189170132e+00
-2.215362201954700083e+01 4.749838173442885392e+00
-1.242313161440252145e+01 -1.567459746611539195e+01
8.242134387196211165e+00 1.226978677061263490e+01
-1.824376069508917553e+01 -5.148177013465939034e+00
3.586991318243880400e+00 1.749054277996280993e+00
-7.749206434814893463e+00 -9.662630413681437602e+00
-4.700334223120438359e+00 4.386989536817580415e+00
3.877565568370683113e+00 2.110052455469568766e-01
-1.287667364397832692e+01 2.550027455311768776e+00
1.301078623694375480e+01 1.764793483637294003e+01
8.557167912833703483e+00 1.473824251223043280e+00
