1.228002573337661296e+01 5.929007812394470278e+00
-1.211395450289025888e+01 1.621027569407284474e+01
-7.335205306882810028e+00 -6.990156237930865935e+00
-1.566468677193077141e+01 -7.744621429723125061e+00
5.698090254718310987e+00 1.035159726469871977e+01
-4.944467586243771251e+00 -4.495536026096578652e+00
4.156082062567225677e+00 -1.536459096234099420e+01
-7.041765268959180979e+00 2.780801644667320327e-02
4.757221433982168790e+00 -2.438545761925407618e+00
-1.062422835592490955e+01 -6.310942347929074714e+00
-2.030526636554864695e+01 -4.010253871821221061e+00
-1.550836893160339791e+01 -5.758208321230338100e+00
7.940198944959325766e-01 1.836168719654483183e+01
-3.706784651991553492e+00 -8.531875522154835911e-01
5.478340839013797314e+00 2.810936425041861142e-01
1.554959242717079526e+01 1.127896417937456697e+01
-2.589755253272511132e-02 -1.788163070976981572e+01
-1.669626375257331263e+00 -1.029179514353829994e+01
-1.401438138617280416e+01 -6.945375789364419461e+00
1.758823662089056583e+01 2.607493343452113588e-01
-1.232825195554401176e+01 3.872494785891941182e-01
-1.173332745645177333e+01 1.390066046165739877e+01
3.409665775119740783e+00 -1.161579264444989334e+01
-1.102123646980602878e+01 3.835726226441610986e+00
-8.402737895242438526e+00 1.553648082534376762e+01
-8.083462980188684810e+00 8.695386839064488171e+00
1.064928671432109120e+01 1.144738504040151206e+01
8.952936039987738681e+00 1.443544301193901092e+01
-1.370383515605066549e+01 5.717079771407561850e+00
4.373117924475846685e+00 -4.186821744973588721e+00
-6.124971179917839681e-01 1.075705754126340707e+01
-5.906107357658630264e+00 1.760402353080733207e+01
-5.457825708174842028e+00 -6.426995788614137339e+00
-1.085116263205369158e+01 -1.077241696772057544e+01
2.936272829603089551e+00 -2.685753542425199480e+00
8.975219106672135183e+00 1.059798704351506693e+01
-9.252444730084299351e-01 -1.943028296015747003e+01
-4.001144458646055391e+00 1.994846043224894316e+01
2.904242501180366087e+00 -7.603853159139458917e+00
-8.285108346317882067e+00 -1.399870319643957295e+01
-3.576539920931521621e+00 -5.768816687091901763e+00
4.016204488493690938e-01 5.382220515104694375e-02
1.028632017278386535e+01 -5.679219624837029912e+00
1.161390712870047182e+01 7.757599408396846918e+00
-1.086814895736680597e+01 -9.479595308117104713e-01
-1.872021481161405987e+01 -5.094616777980482958e+00
1.541876120450630872e+01 -7.372801950451475683e+00
-7.853961389932889503e+00 3.275640166916199192e+00
6.156066229442565430e+00 6.184392037315832980e+00
1.135957888145929751e+01 -1.551451572097579934e+01
-1.093002631864537832e+00 -3.388940143039843367e+00
1.989358671753836960e+00 -1.307216136115959415e+01
-1.732370537538443145e+01 -6.504324318140878525e+00
-8.166193075389619693e+00 -3.586794217371239490e+00
-1.226675943992631268e+01 6.889722865613165048e+00
-1.176553253723371606e+00 1.384687390588682065e+00
-2.020116666311535880e+01 3.613316251558807757e+00
1.196448269460912961e+01 -1.115030658764811911e+01
1.134336153482113296e+01 3.945570393189993919e+00
7.283504371669429212e+00 1.153161441717026747e+01
3.002137712259639324e-01 1.641212660822693081e+01
-7.369979620518281038e+00 5.193867073999406614e+00
-1.522959566827673861e+01 6.389075387444755449e+00
-6.933010198633702714e+00 -1.901655795628455792e+01
-6.882566566808231201e+00 7.032505872901507082e+00
-1.637190388240638939e+01 9.891316086137226904e+00
1.045045281991652919e+00 2.026840489512621701e+01
6.726968983863834239e+00 -8.738489787784301299e+00
-1.942642222038981625e+00 1.379409227969953733e+01
4.195592952879127147e+00 5.404669219773880151e+00
1.618181197065058186e+01 5.543500658315613450e+00
6.566419060512861172e+00 1.954580883981184414e+01
1.932554509503387408e+01 1.296128585767352348e+00
-1.231375483301075713e+00 7.931854018770509995e+00
9.704249897558664628e+00 -1.792020675228190640e+00
8.481116375174535094e+00 -9.137227602848092545e+00
-7.442112687554500727e-01 2.144849268832619771e+01
-7.504145755459369127e+00 -1.738081173346081920e+00
1.862565179878354016e+00 8.680468617121791297e+00
-1.376780547228797857e+01 1.708575331674460962e+00
-1.442330635312041487e+01 -1.226267013585542998e+01
-3.482773727597052726e+00 5.949422105787361303e+00
-1.313698691957952036e+01 -3.216111096734443731e+00
-1.502499457893048529e+01 4.644770366893617108e+00
-1.457112755461354858e+01 9.239874697720690477e+00
1.303681298111171039e+01 9.219572692732086239e+00
-1.337310386677589946e+01 -1.357335168747224685e+01
-6.279503003198195543e+00 -1.498353664190443268e+01
-1.393485198733472075e+01 1.290961073249876989e+01
-4.265150393589960842e+00 1.806626186502861842e+01
-7.662556314385845724e+00 -1.592716411286682465e+01
4.085763111140274795e+00 9.060139605430155285e+00
-1.715795374872939405e+01 2.625805278543146937e+00
7.943692121689196917e+00 -3.040091491518365441e+00
-3.230406463359472014e+00 -1.412988014783154078e+01
-7.695310182387250286e+00 -1.176723407203861527e+01
2.821135376366190162e+00 1.031431160344198616e+01
6.206695172101450275e+00 -1.437667046573170238e+00
7.444081496777060103e+00 -1.663135761919264866e+01
1.584159805750335603e-01 -9.775011507958332402e+00
-5.336411916917596976e+00 2.109295337014214411e+01
-1.077950293182823494e+01 1.791055041857198304e+01
9.468804003263691982e+00 -3.947460701667306449e+00
-2.690251705962396045e+00 2.765570718517828208e+00
-9.156418052663886087e+00 -7.267368529606972771e+00
1.709573914037892806e+01 -6.178412820743767853e+00
-7.863472613427190616e+00 1.908119362716292855e+01
-3.221907202755568189e+00 9.456504463689613393e-01
-5.068291558657858076e+00 -1.370946822960932820e+01
-1.202805178952143628e+01 -1.455065222304309991e+01
-8.126764215700017502e+00 -8.859240454502424811e+00
4.571746215422634485e+00 3.292371605869814921e+00
1.705873323468389557e+01 -1.829783021058115633e+00
-6.453272834405296976e+00 1.567984101528937302e+01
-2.760216202268543917e-01 -1.136306432438380121e+01
2.906683380301514852e+00 -1.694539239238460837e+01
-3.916172298595263168e+00 -1.732539379848509142e+01
-9.004412368776543829e+00 -4.090863050210645779e-01
8.541837115053596108e+00 -7.145348987842881527e+00
5.532594564599297993e-01 -1.465878623229305155e+01
1.361737554334779432e+01 -8.111580308712209586e+00
-4.877497181478499755e+00 7.357622189949316827e+00
-4.863758485719748670e+00 -9.621936974990742186e+00
-6.652356626938854767e+00 -1.306845418288858340e+01
-4.091948673502781020e-01 -1.642793179676252491e+00
-6.224307718636399755e+00 -3.113232077315044588e+00
1.132192091136219991e+00 3.800652408259761916e+00
7.985820668553773594e+00 -1.146942298149202122e+00
-5.629691459634857509e+00 -1.288597715122595133e+00
-1.606678882643164741e+01 -1.162308099439691667e+01
1.527819571946292143e+01 -9.385053037482423477e+00
1.367398925589590242e+01 -1.031404701420484127e+00
-1.245052431040968521e+01 -6.170228305772861965e+00
8.829370916031400895e+00 8.938721648813672260e+00
-1.812774557487115601e+01 7.253386038756627130e+00
5.570730047669322893e+00 1.619417854286631098e+01
-2.570995202597228246e+00 -1.592890979382534056e+01
1.018332596966788017e+01 -8.024251726252645156e+00
-7.475710384703158518e+00 1.722098494641403832e+01
-8.965246854152024270e+00 -1.038145806109324454e+01
6.036827636948300047e+00 -1.580377159162677003e+01
3.634276049669660669e+00 1.539769287857608937e+01
6.108935629241244669e+00 4.444958950925421703e+00
1.752540130864357115e+00 -1.270544958044401707e+00
1.382696624155718013e+01 1.093162311581372137e+01
-1.208439072659733426e+01 -7.835858724886508142e+00
-1.860406236715484241e+01 -3.111136226656343595e+00
1.611432459102087122e+01 1.498881095076274539e+00
8.720834025141602552e+00 -1.303068495260064097e+01
9.681960979573656090e+00 7.317477982537448966e+00
6.278627749075747388e+00 -3.562286258826468099e+00
2.178929932394098934e+00 1.696705784644514736e+01
-3.981078476336233685e+00 1.112037023631993726e+01
-2.264768114784707631e+00 1.173812984737769405e+01
-1.530279578560026543e+01 -1.397892847698824781e+01
-2.229201498144396609e+00 -7.026900241260293889e+00
-2.938167146497552285e+00 7.778894359384528556e+00
1.822087233299985343e+01 -3.633975158535976302e+00
1.035857870134432801e+01 -1.012183292720338734e+01
6.255588899988356211e+00 -1.818487308557153170e+01
1.540068917729657816e+00 -6.138858548461462838e+00
-9.164734381089369109e+00 4.709820908677823326e+00
-1.746818262976812974e+01 -8.340234324433536628e+00
-2.878920953007650496e+00 -8.997526974798436328e+00
-1.045765252401816170e+01 5.721092945676859998e+00
-1.666570099585499065e+01 -2.540847643471646489e+00
1.570584565741790684e+01 -5.732892081878879775e-01
1.172386230803231477e+01 -1.332816628284625793e+01
-1.092900080716177058e+00 -8.444593753990249141e+00
5.106311715059895562e+00 -1.021887978458605417e+01
-6.219497338018397770e+00 8.841253013723031629e+00
-1.098542987819482519e+01 1.040874704678509310e+01
1.777434553029476305e+01 4.598467371150688265e+00
7.173576325286447064e-01 1.927396922861696504e+00
8.227557008106932912e+00 5.554992675238549005e+00
1.930087061369715640e+00 5.545362089686602047e+00
-1.400993119221554828e+01 7.641362449896153208e+00
-3.528645928984501356e+00 -1.935167476057257829e+01
-8.170706686568241395e+00 1.225024409096061540e+01
-1.702628144113903286e+00 -4.367457116651751181e-01
1.070222722130623971e+01 1.346237985072845156e+01
4.095495186665859322e+00 1.334154808006695703e+01
1.058254958365513509e+01 1.978359555947753146e+00
-1.430106209855505561e+01 -1.299954957315821169e-01
-2.544747622414055943e+00 1.887627963756558458e+01
5.835268829555761982e+00 -1.400199037830629933e+01
-1.328191947654888949e+01 3.646320889310205260e+00
3.798251709090430417e+00 -7.705534975630929928e-01
-1.642904362831436371e+00 -5.228733274197495895e+00
-1.051779993113961709e+01 7.495401636145312629e+00
-2.229321300976676135e+00 9.736245171307777113e+00
5.593334104002593010e-01 7.047557551161204970e+00
1.444472062005783464e+01 2.519268344937684478e+00
-9.134784849818567309e+00 1.052678762552227099e+01
-1.180576149998812951e+01 2.243632158770540563e+00
3.831344708794078624e+00 -1.349231325112832458e+01
3.377107568914549773e+00 -9.684804780805636781e+00
-3.277155411061456913e+00 1.501749155643741318e+01
-6.471018218949293299e+00 1.878284805969524740e+00
-1.042533224301624806e+01 -1.768082165128463501e+01
-1.918336933431215385e+01 -8.892520335155454703e+00
2.139402875532467441e+00 -4.342910400589137687e+00
-1.663453011218198796e+01 4.192950391112229447e+00
1.403878623300922079e+01 1.299864664189249197e+01
-1.340311730439277405e+01 -1.577669695899873581e+01
1.347001494832968760e+01 -1.012093135154963619e+01
1.898977596471064544e+01 -1.202129903767679808e+00
-1.019116548279441581e+01 -1.428761337530349529e+01
7.554585745486503079e+00 7.543401905038254363e+00
-1.257116748774673454e+01 -1.159258489113410029e+01
-7.108108940106193652e-01 3.247936812531054596e+00
-1.022703192238755676e+01 1.218326607292094721e+01
1.630946960480294194e+01 3.348939828917252726e+00
1.103104937167667821e+01 1.690163964780595407e+01
2.519045671102217998e-01 -4.636952381011070656e+00
-4.307807997529228494e+00 -2.649821640963503810e+00
1.550207429321418928e+01 -5.514231051337313616e+00
5.347479709677172011e+00 -1.214100854844461885e+01
3.282784954842480563e+00 -5.682744316830704356e+00
-1.910395435710566758e+01 -6.977791096331953824e+00
-6.076625144307191917e+00 -1.708634189136895642e+01
1.125737182620976329e+00 1.063213422124367291e+01
-1.903269702638139549e+01 2.150687172819951698e+00
1.125170333463554107e+00 -1.650215074934038029e+01
-1.365214182281731414e+00 -1.425304885317908088e+01
-8.693739603366795521e+00 -5.386868188838104032e+00
1.781709702459338018e+01 6.671885317259750536e+00
-2.028743412173215077e+00 -1.241823165742468227e+01
8.983185621448461333e+00 3.765951797802467027e-01
-3.828739443019755662e+00 1.295586887600632053e+01
-8.759768188469456263e+00 6.792276930727977557e+00
7.357824278256264172e+00 1.347490521472869318e+01
1.779603071513813717e+01 2.428680825197162108e+00
1.107277738542311418e+01 -3.504848440915115937e+00
9.514319426824275894e+00 3.776251143898576412e+00
7.300530983061523038e+00 1.547041523394223361e+01
-5.870566515681207242e+00 1.947628196415360691e+01
1.570190790554863547e+00 -1.108120181364859747e+01
-6.140480412562193457e+00 -8.257499927426037445e+00
-1.368719251923550217e+01 -5.038843869544295195e+00
-8.363698573499647182e+00 1.423489973591677282e+00
1.187526962684911069e+01 -8.871773137100797513e+00
-4.667239179972098917e+00 1.624650080810508257e+01
-5.536358539698557735e+00 1.057762550198783202e+01
-1.693355533224808340e+01 5.933876626950320698e+00
-7.219486572600163576e+00 1.393292844001276087e+01
9.178686306847827936e+00 -1.619614037109603188e+01
1.488288098444868446e+01 4.299901332622906303e+00
9.464695979662837155e-01 -2.937354901998791679e+00
-1.439234532569954794e+01 1.113264044521155327e+01
5.578394462162867384e+00 1.436131553030203811e+01
-5.119682849403496050e+00 -1.888761214775453823e+01
1.823601046529574221e+00 -9.290002083951810263e+00
-1.178292861151482818e+01 -4.455047214393085042e+00
1.249337806703696607e+01 1.429995457220207378e+01
4.606685782589682532e+00 7.104490223910214119e+00
5.748022153563094427e+00 1.233444543364250023e+01
2.613616125897561648e+00 2.393121400947994193e+00
-9.378980844495256264e+00 -1.592868974030527873e+01
1.072332367225714655e+01 1.527373115916485347e+01
1.051161034038921294e+01 9.412777585255586388e+00
-1.570799539949354795e+01 1.105607473920969142e+00
1.757948303730455519e+00 -1.868749657856367463e+01
1.312665261911942771e+01 4.071238308220754831e+00
-2.975872803605794648e+00 -3.990412568627786261e+00
-8.225585744941572575e-01 1.962316592755025724e+01
-1.426989323641388197e+01 -1.052178076483076197e+01
8.666979429146408620e-01 1.238699748753359664e+01
-9.450429862501636080e+00 -1.236034752508426671e+01
2.936265417119888532e+00 2.078502890995443764e+01
-1.212433112840323624e+01 5.094965776418374226e+00
1.362710282915110405e+01 -6.123869053358660608e+00
3.866882572005700069e+00 1.745100639735485615e+01
-9.637991951012166325e+00 2.765960369817884956e+00
-1.845924254259841391e+01 4.455976206358356784e+00
-6.847144736546847632e+00 -4.927585583240263745e+00
-1.595416087952677131e+01 1.187692713201833961e+01
1.201192142127365337e+01 1.033436257439600681e+01
-1.239143959316587562e+01 -9.609137479960416783e+00
6.866532641608300125e+00 -1.061519595528046089e+01
4.176374162741045559e+00 1.355891352971140940e+00
-1.137935661870769266e+01 -1.628095272549940375e+01
2.567450705092424901e+00 1.895829167581779728e+01
2.884993663196289138e+00 4.140221834014222502e+00
1.058404409813470259e+01 -1.035257715326585171e-01
-1.624849155441799908e+01 7.967746742888092371e+00
-2.080350584697839622e+00 4.476558807767146320e+00
1.370731718548071143e+01 -1.212358305387815172e+01
7.222430342322150310e+00 1.738488345710151961e+01
8.261781064247996076e-01 -7.954329312764147453e+00
-1.218809157707643998e+01 8.669004266877271547e+00
5.844128533522912505e+00 8.309451168035057123e+00
-9.384300210261645958e+00 1.392773503886228603e+01
-1.141705834276722875e+01 -1.287008593269989909e+01
-9.988384526505067029e+00 -4.229340902505902555e+00
-2.074482528875306997e+01 1.077305983564451841e+00
1.039835735296160202e+01 5.735046537916309362e+00
-1.374312679396952230e+00 1.562121401000400667e+01
-1.277626034504723407e+01 -1.392553619590719105e+00
-4.140272314319080493e+00 -7.711957006625718591e+00
7.699730632784690165e+00 3.564919492694246905e+00
1.656147366892749773e+00 1.534217082012604472e+01
-1.284762518176266965e+01 1.020488129935898591e+01
-1.467218038557880888e+01 -1.911892521530281552e+00
-1.779143061157376948e+01 -1.039139265116202182e+01
5.545852731459032903e+00 1.806634144534849540e+01
-7.537765932146431869e-01 1.259847613196316907e+01
-5.448559093418425370e+00 5.538265023564151512e+00
4.670270326524932791e+00 -6.451066638809120235e+00
2.467200950130988613e+00 -1.497590246172704020e+01
-3.845467648257461235e+00 -1.244495042585373312e+01
-1.543903326899650930e+00 6.345460361081467937e+00
-1.505458009810156561e+01 -3.776994936614266773e+00
1.230047408907066853e+01 -4.879417581150897298e+00
1.693911607947614328e+01 8.751584878897237019e+00
-4.722185606071279906e+00 2.357940241986691721e+00
-5.898235639815427866e+00 1.238790351626753328e+01
-1.036161495955401612e+01 -8.718859634482553744e+00
4.466930683977975214e+00 1.945689787408458216e+01
9.910670444119062950e+00 -1.430199972160369448e+01
-2.782308850147160673e+00 1.689837719373418068e+01
1.635609817611979722e+01 -3.855683656148078065e+00
2.648922574109394024e+00 1.211042922014243572e+01
4.234553605386422170e-02 1.428031813733780275e+01
-3.540005904756645005e+00 -1.078872756247361231e+01
-2.362278797345323422e+00 -2.127569119032026723e+00
1.033916941385547794e+01 -1.211791652745092662e+01
-8.271810786483642985e+00 -1.754207626646379481e+01
-5.119443793098989559e+00 5.587152652994002988e-01
-7.878709012632463260e-01 -1.603800142480835689e+01
1.255257138680415530e+01 2.174899970205902200e+00
1.072073555489984997e+01 -1.714582682258456003e+01
-9.308197817313697442e+00 -2.293394486728090431e+00
-1.707362708781030303e-01 5.245867301244159009e+00
-1.602082479336122489e+01 -9.604307964848517898e+00
7.972470036576474683e+00 -5.154709033107145011e+00
-1.935465930110747479e+01 2.354241274883803886e-02
-1.749048042644741230e+01 6.888872130226667556e-01
2.799851986512407631e+00 7.143859821044260094e+00
-1.349643730333421487e+01 1.481633069850716033e+01
1.717893058407850004e-01 -1.296499335319309232e+01
-1.017729641869636437e+00 1.762754725407551959e+01
-1.136371848000974083e+01 -2.685997233635756931e+00
1.169253652291466672e+01 -1.676932003512040303e+00
1.229372014668683022e+01 1.224636333559666923e+01
-1.812375314321868913e+01 -1.296837664397026968e+00
6.202581514991941880e+00 2.322952339910779873e+00
1.933033460385981783e+01 3.756169766680985234e+00
-9.872157352338172487e+00 8.890135565138237439e+00
4.228599374131637667e+00 1.131698815196996222e+01
1.306157027794253089e+01 -1.455822841504814669e+01
-1.522845021274786426e+01 2.878123532550919794e+00
-4.188498813622913985e+00 9.207847717405030608e+00
-1.039116156649903289e+01 1.565191910170651113e+01
-7.294421483362250491e+00 1.061290703618384335e+01
7.099282631567082724e+00 -1.262548471028738284e+01
-6.818038314082581763e+00 -1.021576693789452506e+01
1.416787662281104510e+01 7.991207927532555377e-01
-9.053563783565396150e+00 -1.906174746579977608e+01
-5.202483560506688143e+00 1.429587754316468740e+01
-3.246734258870045409e-01 -6.572146521408757103e+00
-1.999778015674628540e+00 -1.780060790858381026e+01
1.500928077850329423e+01 -2.501329666330588175e+00
1.228820415081200146e+01 4.869909297133283022e-01
-1.399639467048661778e+01 -8.719972998936635022e+00
7.211955371719755092e+00 9.603236573684409194e+00
2.183093826252911374e+00 1.382113630049481579e+01
1.499333470714620553e+01 9.319711013747838280e+00
8.869801794088706615e+00 1.856622898310606828e+01
-1.698314233491176140e+01 -4.452527882140397075e+00
-9.137185196481473426e+00 1.740665936895040034e+01
8.276652229148780293e+00 -1.815624147058032989e+01
2.289356693536720666e+00 6.379027838795683358e-01
1.557091826003518165e+01 7.315292767059227153e+00
-1.226782378824435504e+01 1.202718917806866017e+01
6.587589798624992277e+00 -6.833443699351892775e+00
4.045268775421879681e+00 -1.881524115988448642e+01
-5.957779206307467490e+00 3.744604548243523290e+00
-5.443343206238397514e+00 -1.151324712441213727e+01
-4.033527076646430842e+00 4.069199767252809075e+00
-2.018686007472283706e+01 -1.744902073479246640e+00
9.065820567712282951e+00 1.646795677859642737e+01
1.422835992516688819e+01 5.832500135904423288e+00
8.429744970855670871e+00 2.035050848992148609e+00
1.297328920812457120e+01 -2.953010263247911826e+00
1.179913416834706652e+01 -6.866795384862742324e+00
-2.582388815044124541e+00 2.089106153042517633e+01
1.356452974122704980e+01 7.575636114043758695e+00
7.143620121364796738e+00 6.086344065532909298e-01
8.947107659449871520e+00 1.244305480106065431e+01
4.777303216474507508e+00 -1.708880649242560068e+01
1.429690775864499308e+01 -4.304237724198872073e+00
-4.555455918267500515e+00 -1.561195802453633519e+01
-1.617939635709383239e+01 -6.970195334648903174e-01
8.591847576406133058e+00 -1.116631718028669340e+01
7.816460028861937026e+00 -1.469966996666453873e+01
6.742636280263396287e-02 9.104899518511773593e+00
-1.036347172569177921e+01 9.467827082624783452e-01
4.906240030894180038e+00 -8.260074429343879032e+00
6.059838818602654165e+00 -5.140048789363745207e+00
