-2.560581883111959778e-01 4.703524716555460006e-01
-1.409239328687464654e-01 4.263893401705894926e-01
-1.501738632520531191e-01 5.331460514954008412e-01
-2.389959923436454081e-01 5.919409713085139746e-01
-3.405247914165790979e-01 5.598637472688547945e-01
-3.241179874861384591e-01 3.680298717073443027e-01
-3.788633237050563762e-01 4.598264470504445089e-01
-4.504896479038454915e-01 3.262160501255034206e-01
-3.524903705375319052e-01 2.448135656010438643e-01
-2.188071842061782568e-01 3.532715163304081529e-01
-2.281966921919021674e-01 2.268869874571257661e-01
-1.108241142587818445e-01 2.765258925368781484e-01
-2.893064468766423647e-02 3.723121171565479393e-01
-1.641170977588189001e-02 4.982662431353523935e-01
-5.851003475528756409e-02 6.180921655445159590e-01
-1.590383266415485719e-01 6.935962244364758389e-01
-2.852238335205142250e-01 7.122488591283185899e-01
-4.029776546788513825e-01 6.682974863125276110e-01
-4.778014047136397435e-01 5.655882668319139883e-01
-5.018034153357036065e-01 4.413869704037768349e-01
