6.273751166941829993e+00 1.142488388415467426e+01
-1.087032884132386990e+01 6.381000278211280019e+00
2.593725186979813024e+00 -1.127346005306255883e+01
5.508787320997440951e+00 6.112140502138147191e+00
1.401564678113454576e+01 4.986847379366203370e+00
3.251041654824244898e+00 -3.597609152820789191e+00
-1.164261783051855659e+01 -9.893884888465597216e-01
-6.871137091425152943e-02 1.378663313417539449e+01
-4.269343745385600908e-02 2.631064189954637200e+00
4.739374925976469477e+00 9.686578770419957962e+00
9.741681045466247468e+00 2.239119280101597109e+00
-1.069652088488288832e+01 -2.738574109079262353e+00
-9.154659964950615958e+00 5.494545881024423650e+00
-1.303473873347286904e+01 1.798217168491871715e-02
-2.114351607285424706e+00 1.130389701697443172e+01
9.734179626116663542e+00 -9.992723888894401441e+00
8.068442533944030215e-01 -3.769409144305806425e+00
-1.253451262896049556e+01 -2.858254800278678065e+00
1.025617018000683389e+00 1.138006742979121277e+01
2.352763980981262826e+00 9.547815552856199872e+00
5.493746026586816988e+00 2.551946078411209129e+00
-8.719958801307202023e+00 8.081123942299633711e+00
1.344995141585095588e+01 -2.535143011876336949e+00
-9.687962417016235506e+00 -1.029792919508894622e+00
-7.397716271009349143e+00 -4.173937290955926471e+00
1.286690703390322632e+01 6.247922355791802218e+00
-1.099597854956049936e+01 7.321416252706806072e-01
3.013262421234867983e+00 -1.387989442514890115e+01
9.238660662466168461e+00 -2.131581902364418468e+00
-2.468880148332271318e+00 -6.275835652699736089e-01
1.100510284440026076e+01 5.694906631932309615e+00
6.976909273886422902e+00 9.137342744814992201e+00
1.131646163677995753e+00 -1.259569432672530986e+01
8.357794304970584065e+00 -5.603312398951620033e+00
-1.004846056538788091e+01 2.288554617999606133e+00
2.230292826680367213e+00 3.629060781598627994e+00
1.252548512047864193e+01 3.643142497113217360e+00
-1.084838271561445922e+01 9.271666084315583589e+00
-1.070859415949301763e+01 -4.900879542081893803e+00
-6.039092666615061944e+00 3.146474225320206042e-01
-3.185874111557773780e+00 1.414682101527357005e+01
-1.455947126402065095e+01 2.106930803852743228e+00
1.081954049640748217e+01 -4.905835854120274675e+00
2.509142337871489659e+00 1.444430876440852218e+00
-2.788321980678583056e-01 -1.587298773110585648e+00
-1.037745385323952974e+01 4.163468478283388841e+00
-1.200180327097304200e+01 3.028640803608339205e+00
7.497319031893113106e+00 5.364768372691680831e+00
3.751207814747423708e+00 -7.794785200329629182e-01
4.684463017067823642e+00 1.128140991253258463e+01
-5.199510774139126212e+00 9.527921336381625750e+00
-2.368409902859441196e+00 -2.938227826533197806e+00
1.210662513409648433e+01 -7.503551954063264695e+00
-1.243708347645738677e+00 -1.184130910958801230e+01
4.905494365993291694e+00 -1.260012001412404281e+01
-7.421030145140544931e+00 -9.054253918204107521e+00
3.206304189510672309e+00 1.097143236525536381e+01
-2.142111256579920742e+00 -5.963187455408436755e+00
-1.296834219122563958e+01 1.625080370199562863e+00
4.781161929231751984e+00 8.003010164359544376e+00
