2.756108628977487740e+01 2.087162052992163730e+00
-1.225284878742073502e+01 -1.748856950827804013e+01
-4.693742104493302314e+00 2.387378779399353945e+00
2.526928519846819571e-03 1.179658442840313448e+01
1.189595006287874490e+01 -7.562806659979043999e+00
8.787336816043136878e+00 1.682139181272053818e+01
5.241175456769720853e+00 -2.000516213772003127e+01
-9.647919580484806135e-01 -1.210131235847040188e+00
-3.233470350389333170e+00 3.322524759685739237e+00
8.914800757346478477e+00 -1.341659239184599350e+01
1.530886895664673730e+01 4.046803021618085694e+00
-1.033384564851517773e+01 -1.662456652834866588e+01
-5.202824952114291968e+00 -2.543222492322295469e+00
2.162434269908437301e+01 3.069493302054925876e-01
8.783144557249782380e+00 8.503918072099086345e+00
2.556997622768461298e+01 -5.461400785026077287e+00
-8.675634950833348569e+00 -1.050321356790909322e+00
-1.083444849071716121e+01 -8.481596082615284971e+00
-7.209202879984945689e+00 -1.170228730954589480e+01
3.747902738284801583e+00 8.121455486583906591e+00
4.232496788241319585e+00 -1.384914049533154845e+01
-1.734748713908131457e+00 -2.391580272257079898e+01
-2.420334855611756097e+01 -1.777234422721257312e+00
1.330561111322449719e+01 -4.464980815157717942e+00
-7.892075640556737604e+00 2.110121440061053022e+01
2.032397075249552998e+01 -2.756132736007133488e+00
-5.464754406605866421e+00 -1.082314691713323995e+01
-1.695268199322214997e+01 -2.989456904178467767e+00
1.061218049759764348e+01 1.148845675814613543e+01
-6.200841709875927477e-03 -1.902160706590836270e+01
3.460178912218389691e+00 4.361482457243017308e+00
-7.436891038647554630e+00 4.284372161165575399e+00
-1.461496411136691709e+00 1.895637861781859357e+01
-1.123532230040277291e+01 1.895004691357197402e+01
7.240845216160887610e+00 -2.063210114489071145e+01
-1.462394252286174101e+01 3.592870592946086905e+00
-1.773164536173977623e+01 1.414166647560022128e+01
-7.013659317385124936e+00 -1.908623793290385962e+01
-1.793966628250829132e+01 -1.020844533105347729e+01
3.390137523789474638e+00 1.204875418649044327e+01
-1.044643655123375225e+01 -1.837268068188697479e+00
1.719919029558030843e+01 3.745106757080784110e+00
-4.194719810900147117e+00 2.315312861009832801e+01
1.655355119701594324e+00 -2.181945131496268786e+01
8.354869582699311792e+00 6.582538958273297602e+00
-2.083925044310481312e+00 8.454625412077030333e+00
1.575440852249811918e+01 -1.716857525362581782e+01
-8.491783312244349347e+00 -6.432944533040683588e+00
1.886145114094757957e+01 5.146277292631858735e+00
-9.355019167012391890e+00 -3.068098498038715594e+00
5.120339579902537075e+00 -6.986953344026503032e-01
1.286876806037302678e+01 -7.347852748253802524e-01
-1.597405208461242943e+01 4.085350358000056081e-01
4.285236667410380562e+00 1.032368759745725306e+01
-5.659128984619842484e+00 -8.855126248558969237e+00
1.009910320204086709e+01 7.231925202651587448e+00
-1.001676053719367054e+01 -4.788642076235183787e+00
-1.611614900992195487e+01 2.362575383510682858e+00
2.508475357706381192e+00 1.519859325265933059e+01
-9.866252067918745539e+00 2.596634721034061233e+00
-1.375293977412918167e+01 -1.611701609240713040e+01
8.556422135980801258e+00 -1.751333897567202058e+01
1.468202070240358204e+01 5.729657575949656412e+00
5.171223206624596003e+00 2.195726837804328468e+01
-8.988218074401659319e-01 2.291683193005993147e+01
2.235389577132916727e+01 -1.463312538345656577e+01
2.102092457644696566e+01 5.599860886355688905e+00
-1.775441780165884964e+01 -6.980345626388171354e+00
2.948070576028539058e+00 2.250888969473332679e+01
2.196132095789007366e+01 7.410227231416817162e+00
-1.944529391889663339e+00 1.220433878935572025e+01
-4.955608638851107806e+00 -7.042549550878278275e+00
2.181995414566941349e+01 -3.736282477703577687e+00
2.001058269877998086e+01 -7.834597967534727703e-01
-6.679069023803019256e+00 -5.780223492390172524e+00
2.169167486505386933e+01 -1.276027764770299378e+01
-8.958019090428278375e+00 7.952061556917007223e+00
-1.392313466300140767e+01 1.302978514792034659e+01
-1.720782277566181762e+01 1.002378960645823547e+01
-7.057854382734455534e+00 1.109916198512166829e+01
2.001682076007136502e+01 -6.994574545216424966e+00
-5.110162698339072662e+00 1.020706658433752523e+01
6.283985962748051435e+00 2.370621311165468015e+01
-1.679652108639394292e+00 -2.211470514892912220e+01
-1.127428358710477951e+01 3.564733279672719579e+00
1.305817549847254844e+00 -1.602738562200050154e+01
1.596179139005130665e+01 1.790105229834290057e+01
1.986697247975482128e+01 7.092401161631234352e+00
-7.216466692984550235e+00 9.247112732447391181e+00
2.053478644295053712e+01 3.836467422798769622e+00
-3.564767038982517455e+00 -3.541496722703438849e+00
1.755175868522090354e+01 -1.230298736311852892e+01
1.210428380993499253e+01 -1.730160350907957323e+01
1.082098962739943104e+01 2.614206334981332702e-01
2.476168137249319834e+00 2.592235513450682927e+00
-9.234455057909823239e+00 1.568027386371834631e+01
-2.174013587879821685e+01 -7.097627559474151582e+00
5.829654008639362228e-01 -1.215469646813412830e+01
1.485434031531103471e+01 9.150407276566644654e+00
-2.515793483293136745e+01 1.872679840250613736e+00
8.392017886903772705e+00 -7.994293747265638572e+00
1.289436414951370935e+01 9.318243669553547548e+00
-2.238234807285684469e-01 -1.702521131386050968e+01
2.217612293746455876e+01 -9.587144398456878491e+00
-8.826710886204277573e-01 -7.790597104570996301e+00
9.241443990425000976e+00 3.273077870780344512e+00
-1.882599020716453708e+01 -2.108689268234336112e+00
-3.658282869388725267e+00 1.332120397331806139e+01
4.374309642902236561e+00 2.678989468348976555e+00
-2.140239671156280998e+00 1.445684588456726694e+01
-1.429520151864817201e+01 -1.805511542737712105e+01
-3.293810200265637089e+00 -1.085190088086045712e+01
-1.551851937748414478e+01 -1.684022380975755739e+00
-5.591806982813356086e+00 1.580720683745992616e+01
1.046908006642662237e+01 -2.258356617283606482e+01
-1.478023434167858419e+01 5.480345895797487543e+00
7.495555273412731978e+00 2.223397806494811491e+01
1.899864403455681838e+01 1.210203095602743240e+01
1.557363962406593672e+01 -1.144714445191651819e+01
9.134665765202683474e+00 1.861686797643561775e+01
-2.092885889293902579e+01 -1.458348757558191444e+01
-2.364165079064507680e+00 -1.222663547058261990e+01
-2.218916513057755324e+01 -3.221614767993644879e+00
-1.642552580135193452e+01 4.352712522555801655e+00
2.676346175218438983e+00 9.829068604116514507e+00
7.081497882700744206e+00 -4.183933435100969156e+00
1.520412889504990162e+01 -9.543638765279249370e+00
-1.059718985688172310e+01 9.003362039135778261e+00
3.209989469754287672e+00 -4.272269346886730546e+00
9.542591213173428955e+00 1.498154392588550543e+01
-8.468678375615571241e+00 -1.568311743286393423e+01
-1.278971291279034972e+01 1.778625056879100086e+01
1.731805920467662929e+01 -1.576495673673676912e+01
-1.147490782911844143e+00 6.620499886660710764e+00
-1.262963323729777620e+01 -9.297717950479547966e+00
-3.010931347919389545e+00 -2.511964795828725983e+01
1.634676549751532093e+01 -1.899473832497438508e+01
1.289766599017503901e-01 -2.324350423150594835e+01
-1.043958025979788573e+01 -1.201133347885527769e+01
-5.040719074739054228e+00 -2.435153487039071507e+01
5.849065483529492404e+00 -2.622891176836003257e+00
-3.578883919066926822e+00 1.895858517500309759e+01
-8.545561491732583947e-01 -1.311362845821787815e+01
-1.492371281743306177e+01 -9.071186727924350990e+00
9.086258497938846546e+00 -9.067007305951048091e-01
-3.900216771127793969e+00 8.547800255685027437e+00
-1.162518448788950387e+01 -3.319164774619101532e+00
4.200343600041247960e+00 -2.334624787423750192e+01
-1.758059031150441953e+01 1.022908822313909338e+00
-2.902121401776424081e-01 4.841654655544207486e+00
6.366357683895806474e+00 1.352217104066236963e+01
1.088408169293450101e+01 -2.048145524608487733e+01
1.217801887349368606e+01 -1.902339094150887888e+01
2.505261981585778397e+00 1.737570101761855312e+01
1.384965406960703227e+01 -1.639987680722929753e+01
-2.497820024481443824e+01 -8.188186737304530283e+00
1.352472377095431888e+01 -8.542828855389458909e+00
-5.318602021895216581e+00 -1.822234546591623783e+01
1.178474524895241338e+01 -9.459979000742130495e+00
-1.579466345945813144e+00 -2.866238511876183725e+00
2.612329513582948692e+01 3.752651716313665453e+00
1.973788280567252329e+01 -1.787851766542127407e+01
7.395012573561533742e+00 -1.382302189274690640e+01
-8.375644531981780716e+00 1.714366594767842145e+01
4.935105068721718169e+00 -7.650598191662318470e+00
-1.695084072116655705e+01 -1.192254610902893397e+01
-7.695856593980948013e+00 1.909465685891292708e+01
-1.225834347294617821e+01 9.886055603287477567e+00
2.415562282035407193e+01 2.848161447038015659e+00
4.650636438256287697e+00 1.984108733674195690e+01
-4.197709083668850205e+00 2.117480238470239939e+01
6.323650925214465701e+00 1.701867573441778347e+01
5.427561941473024731e+00 9.096873772146887305e+00
-2.106594393145934063e+01 -5.194387625771280881e+00
2.385744593984241746e+01 -8.783734540586625172e+00
-2.047440721028404198e+01 -1.256187557110945541e+01
-2.444387721243749034e+00 2.410521494654793884e+01
-7.145991452414237610e-01 -2.534881256200824495e+01
-1.497416828737179628e+00 -6.230209361496274134e+00
-1.073026522359685586e+01 -6.568821380379184782e-02
-1.218969146765927825e+01 1.195051157932173957e+01
-2.880789140792032299e+00 -7.551697165683474822e+00
2.506481832665460630e+01 -3.717529234811014049e+00
-1.055303006766128426e+01 -1.007649608455463763e+01
1.796084117952774406e+01 -2.116799232059873304e-01
-1.408413002900348587e+01 -4.695131543771871030e-01
-6.062001263873234791e+00 -1.300539324899481031e+01
1.425461692222881815e+01 7.049811059912101108e-01
-1.403987170733213041e+01 -1.073072422154660721e+01
1.968988111829457921e+01 -1.254638150768043303e+01
7.624275695217913373e+00 4.478138365403594001e+00
9.099661168307019210e+00 1.071981470914620926e+00
-2.095606485907853411e+01 -8.959878490197322520e+00
7.278851661152657471e+00 1.182836310936288271e+01
-2.289079063231443811e+01 -8.847607182940212311e+00
-1.280612403393716825e+01 6.310238013070267549e+00
-1.453988474943000675e+01 7.280929790595561890e+00
2.339964995297388484e+01 -2.784015934182901830e+00
-2.245905595420090251e+01 -1.047708338172437470e+00
1.071884349444627738e+01 9.414772971391212053e+00
-1.721546794443871375e+00 1.733764238963899640e+00
-2.291566972244851641e+01 -5.192455270912835985e+00
-2.417972116641659142e+01 -3.694592022552224631e+00
-7.810971918292605842e+00 -1.374084494695922842e+01
-1.878086227662181429e+01 -1.196203998447737860e+01
1.172920260418169036e+01 2.137511200735221095e+01
-2.125676088593155200e+01 2.320713221966684614e+00
1.202860183930585158e+01 -1.549185367316099970e+01
8.845495393741472867e+00 -1.946337434059680405e+01
-8.780562462463940676e+00 -2.000997965925735755e+01
4.635525844952860020e+00 -1.583657714619599766e+01
2.347544728567303896e+00 2.431027196059281792e+01
1.473359678365437908e+01 -1.133318585066118489e+00
1.174517734406310687e+01 1.483871149009366341e+01
1.888028535112161066e+01 8.861620253676393943e+00
-1.603884656550144072e+01 8.538555959869718492e+00
-7.242110967091590190e+00 -9.696767065054038071e+00
1.029612529026632117e+01 -8.035791641212277625e+00
1.698917373993532465e+01 8.865347254155208745e+00
-1.446245511640992376e+01 1.664394339320869420e+01
2.081536629661403381e+01 8.898859820471944460e+00
-6.512739482552357906e+00 2.395346487754301812e+00
4.398371340939128515e+00 6.118955808262398044e+00
1.349607443923138206e+01 -6.508721604696150465e+00
4.237594920496018602e+00 -1.161215781843973360e+01
-6.084348276959909541e+00 2.046528804376177746e+01
2.355027500006650953e+01 -4.829204600599798169e+00
4.187151685057186157e+00 1.378593364297527479e+01
-7.041943023178491856e+00 -7.620527597781927120e+00
6.901889632805904284e+00 -1.870365519562519907e+01
-1.262933730783939446e+01 1.580844550515923252e+01
-2.209856412412576887e+01 -1.086377119462248864e+01
1.767458107523143696e+01 1.079747432044952760e+01
-1.080770011803154684e+00 -1.106668275114471633e+01
-2.112459221960245159e+01 1.318778263931389461e+01
9.526680664336334203e+00 5.229464619423950467e+00
-1.637772993584260561e+01 1.740041998911769028e+01
2.311212551693168304e+00 -2.336684967319218842e+01
1.188899609476453278e+01 7.774426979133044924e+00
1.373678840370324394e+01 -2.586719227098704721e+00
-3.062523166741597525e+00 6.834211259056276688e+00
-1.504864893339405718e+01 -5.286037990223498184e+00
-1.236018879235670731e+01 1.394800602203607021e+01
-2.191363129101569029e+01 4.149122706654261528e+00
-2.057416152358936756e+01 1.122630628723300283e+01
1.014337324013347263e+01 -1.646575756971513727e+01
1.857453804602720027e+01 -8.715390980746949623e+00
-3.064236059872479156e+00 -1.722736517391144417e+00
8.288961438867918474e+00 -1.553380886205826172e+01
-2.182014798311068660e+01 9.760705377790831250e+00
1.240528394035112170e+00 -2.499515188687246336e+01
-1.580738548780615105e+01 -1.673949513839779968e+01
-5.462486363229284159e+00 3.928401973503133693e+00
2.394350133727576946e+01 7.672111511513434401e+00
1.869800763791090503e+01 -3.830946436164628377e+00
-1.065346183680710013e+01 7.016259480590687048e+00
1.734696984533876440e+00 8.785473935616221475e-01
-2.393257648272320637e+01 -1.209300763865180528e+01
-4.130851596983601937e+00 -1.253774809906935239e+01
-1.665508932526398667e+01 1.943500488052636044e+01
1.745894780777100763e+01 1.294013295729637925e+01
1.064332408539113040e+01 2.083328149412086105e+00
2.175486586498920971e+01 -1.749353188047162222e+00
-6.918904558118264880e+00 -1.700258432259195018e+01
7.997593380641613514e+00 -5.919137524477886103e+00
5.981848013327708991e+00 -5.794336421106120127e+00
1.420009898376098256e+01 1.309675791595512173e+01
-1.895543319318786146e+01 -8.663583950457933724e+00
-1.394672601884129781e+00 3.346748958107848004e+00
-1.513520278824295495e+01 -1.257899554032833578e+01
-4.711838860966031106e+00 -2.643677338572257796e+01
1.761313867578961023e+01 1.489631781700710533e+01
1.624340991193059969e+00 -1.795207906789521957e+01
1.053195031974465579e+01 -1.265417390220383176e+01
-1.721942346147267955e+01 -1.532595694346642112e+01
8.239574889921554846e-01 6.409120124281354691e+00
-4.442312687698857232e+00 1.723878488566134592e+01
-1.905442397977916258e+01 -5.365736413305939756e+00
1.078294678686123653e+01 1.798123467435653211e+01
4.196362973546449382e+00 1.604329328764747942e+01
-5.205464201753683184e+00 -1.617137242455707735e+01
2.268186284383153506e+01 9.043253062215919513e+00
-1.337820546960533186e+01 -4.265228813186372037e+00
1.181099469567244142e+01 -5.852476967938404329e+00
9.022379828773177124e+00 -2.140803391193074035e+01
-4.401063849156662044e+00 -7.236365132910433928e-01
5.426362497650264238e+00 4.507261899149707318e+00
9.524299043730781733e+00 -9.541558050336522712e+00
2.027701821374831326e+01 -4.921228196435666113e+00
-1.795661178328066399e+01 8.325145226803970289e+00
-8.848449086634845528e+00 -2.197458886816533408e+01
4.214343711960891192e-01 -6.251403173769833899e+00
-1.229034380224656076e+01 -1.319335353053715965e+00
4.074465758842515051e+00 -2.453003626125111136e+00
5.054267443056528641e+00 -1.782298673968718106e+01
-3.582300168743731028e+00 1.140280742024639915e+00
-1.054389522117993216e+01 1.306497743355458319e+01
-1.311595401963349339e+01 1.975836741253790763e+01
1.589634595721454602e+01 1.587925586691881286e+01
1.406009965834791586e+01 2.493464040588302844e+00
-8.902033639476908178e+00 -8.524371710976456740e+00
-7.056171670903582438e+00 7.315842068233748385e+00
-1.369671048271021441e+01 -2.422128364277252643e+00
2.188811642032240812e+01 -5.857335397653827158e+00
-7.546970828209020876e-01 1.738625957396515531e+01
6.270883597684588473e+00 2.951648544890187686e+00
1.866395868063036900e+01 -1.418699150117581809e+01
1.843210935633884162e+01 -2.005310225684093783e+00
3.267268827698077249e+00 -8.027310666201413980e+00
1.692088792262673991e+01 -5.035646492551963505e+00
-2.372460368879268700e+00 -1.048919340792208443e-01
1.234334392285589210e+01 1.289087000326281185e+01
-3.832866638194436071e+00 1.165663678568244066e+01
8.802854120346033540e+00 -2.362374605504410141e+01
-5.478325623023857283e+00 1.216602758525935357e+01
-8.160763819349019954e+00 -4.540947452527866801e+00
7.569517639029171185e+00 1.857750333565317646e+01
1.395383612123418793e+01 7.643921130284525134e+00
-7.276319480141577145e+00 1.311510255990176965e+01
-1.942342683181147223e+00 -1.618076118297371124e+01
-2.402104781213372675e+01 2.558563696983001678e-01
4.306901143486892458e+00 1.785486861541994585e+01
1.972575963792534637e+01 1.055546582904536734e+01
2.037671828391185969e+01 -9.107838236876727223e+00
9.015572907663065294e+00 -1.148958177137421188e+01
-1.186157680327564812e+01 -1.543308176808271170e+01
-9.969880380426678457e+00 -1.435854000357291049e+01
5.045598533648988138e+00 -4.268650278666335396e+00
1.687966522631727884e+01 -1.410539916503682356e+01
-1.147807809126956258e+01 2.099218111050874569e+01
2.651155233753796470e+00 6.278354250832901329e+00
8.240440262886979284e+00 -2.743729822259731055e+00
-5.546223415141220414e+00 1.400726446680317139e+01
2.245414241383921095e+00 -6.241249911412157125e+00
-2.168468431658225271e+01 6.208622341025155755e+00
6.782654765323605339e+00 -7.339966897111787070e+00
1.902019943954405878e+00 1.317937643103076617e+01
1.105012384949948867e+01 -4.462494722071569164e+00
-1.292862130363431383e+01 4.517739546018303187e+00
3.795414660158417330e+00 1.013156703400019509e+00
-2.543078303019929987e+00 -1.412144473471715322e+01
2.270435882413013928e+01 1.278419663716384669e+01
1.030144017175586413e+01 2.006044075531901072e+01
-2.359898551292362257e+01 -7.022838722251037780e+00
2.825449856889716393e+00 -1.482091788493234041e+01
2.323811313470232065e+01 1.089237107337576838e+01
-2.128234076460288549e+01 7.969396870246471920e+00
1.056017544808496966e+00 -1.050747024037309885e+01
-4.154908937732630037e+00 5.241435963295128175e+00
-6.919748953240963729e+00 -2.318820743523456684e+01
2.128845640597767286e+01 1.442920705289329852e+01
-6.596442455740439748e+00 1.729068099898228539e+01
-9.289889085115689227e+00 8.732544883196793339e-01
1.672911712461821665e+01 -8.491363725123227013e+00
-2.155655416227763244e+00 -9.342035960084901447e+00
-1.937833283257070605e+01 1.660415485536788527e+00
-1.983094794678736150e+01 3.563044054873877542e+00
2.354010059782041253e+01 9.461083972291838284e-01
-8.661209552200427098e+00 -1.794392917899034146e+01
-1.556574022228691589e+01 1.036705664354192358e+01
-1.409662368692881174e+01 9.112828911509302188e+00
9.855364348846002542e+00 -6.268635786779730878e+00
8.463911210027767140e+00 2.043074230391996693e+01
1.472668569976422370e+00 2.081141655274201341e+01
1.359762220795306042e+01 -1.051272257522553133e+01
-3.948057889717115021e+00 -9.078337514572977440e+00
2.253707758581866116e+01 4.145441822067466475e+00
1.960504001740341451e+01 1.575905669315392998e+01
1.212497809082009148e+01 -1.359739773635986460e+01
-1.792793609418589540e+01 3.095597633123960524e+00
-2.369913650712410558e+00 2.036935334723337121e+01
-1.814790078082328151e+01 1.615215986856808428e+01
-1.728410980394631125e+01 -9.707931110656748963e-01
-1.877018602463490282e+01 1.064718092607265376e+01
7.557499883155100129e+00 1.539054216143225773e+01
1.386056914503151560e+01 -1.438105712438166428e+01
-1.086445127640728003e+01 1.495172218951263332e+01
-8.891769240135220187e+00 1.001431380103041846e+01
-1.540162014321806794e+01 1.202811650705189628e+01
1.200787346060155691e+01 -2.844422547537144741e+00
-5.275938210209557333e+00 -2.219400716726197587e+01
9.015743150582450127e+00 1.212308916665138625e+01
-4.920797404693590393e-01 2.101720385159060456e+01
2.469560236919792118e+01 9.696191544140226881e+00
1.349266024956948407e+01 2.062492048833772884e+01
-1.621827399984348617e+01 1.561348329674491353e+01
-1.983057603344879638e+01 -7.072025161842489638e+00
2.467179704660841821e+01 1.190680574893278099e+01
1.502066092818406773e+01 -5.431785040173386925e+00
-9.716090213874970516e+00 2.219605517643483239e+01
-1.096898825184156401e+01 5.305466156236007258e+00
-1.657280161081964920e+01 -1.364067621225002114e+01
1.398950039329433714e+01 1.111103620245597057e+01
1.223398808338377641e+01 1.089614473700958364e+01
-4.688520824782331786e-01 1.356774271698026268e+01
7.235459149598074902e+00 2.464611730852565297e-01
-4.149185175717577667e-02 -2.100855095607623468e+01
1.929248146524206220e+01 -1.594025438579131126e+01
-8.882711054568060760e+00 1.200706054638965625e+01
1.440029540341568115e+01 1.690064566223591314e+01
-3.415857622887034317e+00 -5.775268014180887199e+00
-1.686635301958776267e+01 -5.113745837743949529e+00
-8.219818405589188970e+00 2.492420468716817883e+00
-1.589464827142864678e+01 1.367893615435460219e+01
1.251349626464154774e+01 1.695637598855691408e+01
2.306131705961281142e+01 -1.104123692292291636e+01
-2.573680437207052085e-01 -9.376422489982338959e+00
2.681359273496135387e+01 -3.676764589718662268e+00
2.058728539697241899e+01 2.157801473970185846e+00
-2.410892694565372807e+01 3.825067967151588366e+00
-1.902958332801812702e+01 -3.257390775181451259e-01
-1.355455377937624206e+01 -6.028063567818377599e+00
1.377336892931885659e+00 -4.433379710147073993e+00
-8.626739621826295945e+00 6.040907007458992339e+00
2.929420626070826650e+00 -6.752502702851228555e-01
1.901547905436349239e+01 3.004849050019048118e+00
-2.952795692276525941e+00 1.011504595076593382e+01
1.042100120714643374e+01 1.339430664052593478e+01
1.810322918396962466e+00 1.137704295931903431e+01
1.718140899824902235e+01 -1.032632132004352599e+01
2.311791302318072994e+01 5.950784007319710689e+00
2.507538997997907160e+01 -1.323067918059047110e-01
4.007082390127862048e+00 -6.016507200675389910e+00
-4.911686037829969820e+00 -4.801007901375002440e+00
-1.381497638802259686e+01 1.108503649428170235e+01
2.438064192843332734e+01 4.662256653385532523e+00
1.795447341222480020e+01 7.144358303708039593e+00
1.759179498623177196e+01 1.756978662468249297e+00
-1.330014055896672254e+01 -1.240262172822799158e+01
-6.364241272937477767e+00 -9.017743688832875470e-01
7.510179198351010221e-01 9.930720482498463397e+00
-5.533048818602146035e+00 8.024733941433779272e-01
1.318927309109025892e+01 -2.033364578795007915e+01
-5.369033019335189394e+00 -2.019070624277128090e+01
1.224821654678163618e+01 2.830068094856833305e+00
5.760011013812211367e+00 -1.277705397292796441e+01
-1.563302818534528882e+01 -7.069770525915953563e+00
-6.317256854155827384e+00 5.628978115628743950e+00
-1.449245201993339394e-01 8.264830137079698602e+00
1.297054900954164580e+01 6.250250215537900722e+00
-1.289835627571758181e+01 2.555642971273543562e+00
-7.388260318145062122e+00 -2.554333909768041977e+00
1.063072669119213032e+01 -1.078067642245828850e+01
5.382587090828145904e+00 7.418483983564436279e+00
2.535107989925659666e+01 6.096997502360494536e+00
-1.123319444519542465e+01 1.625715793134185017e+00
-3.574417104903848230e+00 -1.730563145049035967e+01
-1.042827915882692835e+01 -2.079367356049690230e+01
5.343968920324766003e+00 1.187349319457587171e+01
-1.837467385213835058e+01 -3.874067696149622098e+00
-9.549433733754185027e+00 1.839286984046268003e+01
1.231482674968823865e+01 -2.202692869290464728e+01
-1.078557589264188721e+01 1.693709584727362127e+01
-2.298896310100115414e+00 5.065653968097699966e+00
1.378930390732332079e+01 -1.244236440444430336e+01
8.891324943276433856e+00 1.033865286713589349e+01
-8.895770178868492195e+00 1.406488593385809338e+01
-2.007780527240348079e+01 5.327095965921604837e+00
1.654585934088896337e+01 -1.596659710602943205e+00
6.681988098427440459e-01 1.890225599680924873e+01
2.155137508335175056e+01 1.086281187628306100e+01
-1.175221862130121764e+01 -5.398782550830320659e+00
-1.600175760441295481e+01 -1.055815057213494335e+01
1.588651727685360271e+01 1.033898457640358082e+01
1.609558353925670149e+00 4.469685829741028016e+00
-2.421515282920118395e+01 -1.016246896942456246e+01
1.943995186633518912e+01 9.619922941062768462e-01
-1.374630933444357694e+01 -7.877643936518811785e+00
5.945970979580128102e+00 1.875627400018961666e+01
1.498683105365762458e+01 -7.615040440513340059e+00
1.831256578967876525e+00 8.138187913772190640e+00
7.793427023302280432e+00 -1.008427650991966118e+01
7.638777343655040575e+00 2.175889239563356892e+00
1.532446790026901517e+01 -3.434390299454412432e+00
-7.070380377025187180e+00 -2.116955786477531376e+01
-1.821916641114091462e+01 1.822767151972146138e+01
1.842531464699781552e+01 -1.944429767477769033e+01
-2.021286378968291331e+01 -3.609786332505900752e+00
-3.440428939963959820e+00 -2.115033259941438359e+01
-4.906853859503777393e+00 6.910727686588320040e+00
-1.955322391310907548e+01 1.455413710378021008e+01
6.504345134405433271e+00 6.029043528059244927e+00
1.048635770647241117e+01 -1.843716905234276382e+01
1.314469982507888979e+01 4.450341879304277271e+00
5.611742008311393803e+00 1.518737513443231002e+01
1.012545207516393297e+01 -2.782499112718050505e+00
-1.996381625136741889e+01 -1.051518731493606040e+01
1.414739627562368973e+01 -1.847265076069604461e+01
1.112012940903846570e+01 -1.345559595031919020e+00
-1.792146095059902411e+00 -2.000631160168260081e+01
-2.071454427454530745e+01 2.180616338327406034e-01
-2.498608382904890846e+00 2.216666188223317491e+01
3.196128562846125565e+00 -1.690258471530049178e+01
-5.614196044719207634e+00 1.871919541214772309e+01
1.580807941422376395e+01 7.382148239956626945e+00
-1.856449336405439254e+01 -1.365709311428260442e+01
2.566551177495183467e+01 1.790561359792394835e+00
1.662918218403939719e+01 5.552974017785678562e+00
-3.494228445623610124e+00 -1.925302133537757499e+01
1.900834200007200536e+01 -1.066018752475115861e+01
-1.355228048602566027e+01 -1.419724294386931263e+01
2.591791664363826442e+01 7.917824932074667643e+00
2.376813858096969412e+01 -6.778804765938875043e+00
8.735846762226352480e-01 1.662190702108231122e+01
7.474833848573476658e+00 -1.199499510801268620e+01
-2.491034721765530335e+01 -5.731183360021221418e+00
9.674928192873066379e+00 2.212903998670089223e+01
-1.426757465131406732e+01 1.483757052512744323e+01
5.514935968805662725e+00 -2.194972812658084038e+01
2.069399444150346667e+01 1.246800479973970788e+01
-2.158445495689254923e+00 -4.630336193388397525e+00
-1.982965722753931459e+01 9.148750024911771916e+00
-1.641157050315153043e+01 -1.861801350005869082e+01
5.760665466456094563e+00 1.216674237754417076e+00
6.163616379118882271e+00 -1.486060185565836811e+01
-3.510673510631907579e+00 -1.555563919371119397e+01
2.120037826994940389e+01 -1.622857201613056333e+01
-2.630522587669003043e-01 5.475361508496748852e-01
1.633083797056273312e+01 -6.561666849377700395e+00
8.227996649668435580e+00 1.364515864412766533e+01
-2.258412329231601134e+01 1.167284378300580272e+01
1.129205918227593308e+01 5.824641173119177395e+00
1.769665313360393810e+01 1.673969101976140195e+01
-2.234813898093460338e+01 7.721963715022051034e-01
1.578833621427069822e+01 1.407116606566942174e+01
1.073010742473974233e+01 1.632210370114808384e+01
-9.527009335624411435e+00 2.017353137690880160e+01
6.664874270692974001e+00 -1.671835531858267032e+01
-7.382245492285757216e+00 1.520819700009889353e+01
6.944632397708148552e+00 9.976752839797189409e+00
3.485563871310120021e+00 -1.897955143955239521e+01
-1.785652530256736981e+01 -1.709266499659031879e+01
-5.636066534010526041e+00 8.487622455502943808e+00
-2.542751993462645466e+00 1.688756453528689860e+01
-1.474740874280563041e+01 1.864479509978815486e+01
2.694485147378546230e+01 4.683681669344219589e-02
-7.567238719868941921e+00 5.934732812768058752e-01
1.576842012857507136e+01 2.101419157023010520e+00
-1.253126690783422603e+01 7.959954329894608271e+00
-2.072015475185773070e+01 -1.690182340152399654e+00
-1.261586456580938886e+01 5.569397495360423056e-01
1.101184355969447415e+00 2.268043497452954327e+01
1.101833677671845280e+01 4.026679706972283057e+00
-1.452114362427161964e+01 1.500553063448744506e+00
2.689142645981061452e+00 1.916775642076349229e+01
1.796166582277997392e+01 -7.035234258788329420e+00
-2.347884797449992433e+01 5.565385198286081803e+00
-1.928531067681826983e+01 -1.543612865165171755e+01
-2.233512090246597026e+01 -1.301266921580377911e+01
6.138642141298497279e+00 -2.403411481485334633e+01
-9.292460199292699841e+00 4.228095142925007544e+00
1.387406383117708764e+01 1.867817140177670154e+01
-1.530136193474840489e+01 -1.476545065218708785e+01
3.857397447148487313e-01 2.620208125520615106e+00
-4.629682930612608160e+00 -1.428340471054891303e+01
-1.689831954822739490e+01 -8.684160605102830388e+00
-1.726387912725810736e+01 1.206030157500814148e+01
-7.843864374369917236e+00 2.317085334061130908e+01
2.345383816250597775e+01 -1.048214938422627363e+00
4.562290878311837439e+00 -9.624931162867614631e+00
2.357419669254018757e+01 -1.296227560939453660e+01
1.550868745108959956e+01 -1.319047533001950789e+01
1.769128174902460993e+00 -1.992330524132166758e+01
1.036394613385539998e+01 -1.460657427592580682e+01
1.375461842826807768e+01 1.496478230773070628e+01
2.170693132754158761e+00 -2.544023749031341097e+00
1.283096312625116031e+00 -8.274606468923899172e+00
2.479226885579508100e+00 -1.242126667290585473e+01
-1.059761260836307351e+01 1.096669680221072518e+01
1.252240241247978503e+01 1.157518960024981780e+00
-2.575231283732807341e+01 -2.715541199136241035e-01
-1.173151015073645986e+01 -1.341348423260490641e+01
1.586203553292177304e+01 1.202566507770688098e+01
3.505742246260470818e+00 -2.116633592049590717e+01
2.543026531327889472e+01 -1.930511344868163226e+00
-1.052200864757021215e+01 -1.869298696468107224e+01
-3.806106988566708260e+00 1.535244707332618930e+01
-6.048655662043715964e+00 2.222817629094208769e+01
7.135874668588538583e+00 -1.406707958710588846e+00
-1.207680832512582825e+01 -1.116747268719319663e+01
-1.925209620776875141e+01 6.904948024098273685e+00
-8.871612567887670053e+00 -1.072338779538328701e+01
1.701880932594460560e+01 -3.300331591471472592e+00
2.230587979014882194e+01 2.331949765602432834e+00
9.034250281032564445e+00 -4.422879020829559416e+00
-4.997070411061727002e-01 -4.503455731456156741e+00
1.004352962511643188e+00 -1.391705196016589419e+01
-1.028584536109335268e+01 -6.732700561639533454e+00
9.934743703760926525e-01 -9.109942148290340880e-01
6.546521723454397979e+00 2.044943075038415259e+01
2.779325721757307743e+00 -1.009291045812829424e+01
1.542374610736214358e+01 -1.519880358280378552e+01
-6.465834376181853749e+00 -3.925594681394134700e+00
1.212210063584433328e+01 -1.154601915636779452e+01
2.546783623970064880e+01 -7.572955902108999382e+00
-1.531672466589530046e+01 -3.512764354901336983e+00
7.071171989948106251e+00 8.000606566651807583e+00
2.192101073183192028e+01 -7.763081599469098926e+00
-1.867054805552299079e+00 -1.817052163257161368e+01
-3.588489899594137889e+00 -2.305058855368150716e+01
1.927653570535619565e+01 1.396608679306370426e+01
6.016377293031809792e+00 -1.079231562323977478e+01
1.781051316276464291e+01 -1.752123912741454603e+01
-1.673565719027420329e+01 6.536167791591055654e+00
2.097724440415690950e+01 -1.099670610260277037e+01
7.816553082020423204e-01 1.476300537267968771e+01
4.409969748335233142e+00 2.384072525111791663e+01
-9.990746237235869076e-01 1.011171938650449498e+01
-8.290350277036901971e-01 1.563524570344929820e+01
-8.895590596141682127e+00 -1.249361777474492641e+01
-6.563663579934402748e+00 -1.503666689315298477e+01
7.368785606865270843e+00 -2.253964438089483480e+01
1.498072675966890976e+01 -2.030272998625697412e+01
6.276967596335304655e+00 -9.023886395420806394e+00
2.049800401872834144e+01 -1.443477323574901305e+01
3.297173557846105663e+00 2.084873612218336447e+01
1.613598940727555231e+01 2.997520272309944223e-01
-1.920580383659948609e+01 1.257792777195346723e+01
-2.322818616909649947e+01 2.284965856196906842e+00
-5.068466208947847162e-01 -1.501440982477078556e+01
3.801259132571184751e-01 -2.709735267647123802e+00
-1.213667009578313838e+01 -7.266927095342975207e+00
-1.832518640232835949e+01 5.131774698773165611e+00
1.207306083010026931e+01 1.922960871943084982e+01
1.862153833609130160e+01 -5.552676308642282343e+00
