-2.139016490455676589e+01 -6.910535675715682835e+00
-7.339377008260917989e+00 -8.229431259186737790e+00
5.438113827045561344e+00 -2.235194428915579934e+01
-1.568073041211824892e+00 1.451431558195178972e+01
5.379693833943291814e+00 1.350757511268451871e+01
1.416825036546734218e+01 7.521788251985782381e+00
-1.663900932434537339e+01 9.556151447128305776e+00
-1.075854294621348650e+01 7.741467700158104925e+00
-5.139038802664361860e+00 1.622019405788028479e+01
-7.961314122216881728e+00 6.907156574194909027e+00
9.943539895622652836e+00 -2.039187174650817003e+00
9.642015261063040299e+00 1.194959729402274284e+01
-1.707441396114966636e+01 -1.108113455614409659e+01
-9.585696080233535588e-01 -4.080038735654901494e+00
-7.593015250714620024e+00 1.133289577703961548e+00
-1.271240882942298001e+01 -6.495334148055439627e+00
-8.554044770742123660e+00 -1.269125487907467598e-01
1.329355166260356036e+01 4.763147037013795604e+00
-2.860814934924510666e+00 -1.511126403227236814e+01
2.605706705128314038e+00 -4.905651049037590639e+00
1.783944071853306568e+01 1.142103983393530520e+01
1.745189808942164911e+00 1.862220180905013578e+01
-6.946502614233224016e+00 1.324594082141664231e+01
3.307527620363648335e+00 -2.047181055417603535e+00
1.370721021084229996e+01 -7.067337635216891734e+00
1.488869223038625833e+01 1.053062164250946786e+01
2.409354607453618069e+00 5.475170285960982319e+00
-1.575942912711882293e+01 1.351649446801418541e+01
6.142511111998671502e+00 -9.807193746424523795e+00
-1.948372735362031349e+01 1.178124307484166700e+01
-9.478235811669277311e+00 5.118595375816619608e+00
2.406895987571482376e+00 -1.676994766608282461e+01
8.154817308718135038e+00 -1.010145924666039541e+01
1.453191542463187425e+01 -1.396112673597075471e+01
-3.494778867939972944e+00 2.917612749663286653e+00
-1.703386677093548940e+01 7.710709322996723181e+00
1.037849636803772135e+01 3.924321970772916668e+00
-1.095878087258342148e+01 -1.493716009553998525e+01
5.712196011684531172e+00 7.126273491019144757e+00
9.341269189281076635e+00 -1.339830869265977498e+01
3.187747272669825271e+00 9.600031201013727866e+00
1.713724651453001968e+01 1.350218671158254047e+01
-1.851869522681932523e+01 2.595844614736393829e+00
1.474887422636873779e+00 -2.150723859124540027e+01
-1.124596992387486161e+01 -5.526912254419336534e+00
-1.579851919975405039e+01 -1.236802966401407566e+01
-4.044264251490024442e+00 -1.785305500140016122e+01
-1.093032627587336947e+01 -1.135922034920893786e+01
-1.232404544778598954e+01 1.789861410368139261e+01
-5.588357046136685824e+00 -8.824973076442480524e-01
9.793472058769984168e-01 -4.419083522183913537e+00
3.583627327623361669e+00 -1.091123669648931305e+01
-9.903977091507224273e+00 -2.737617429520489143e+00
-1.716676142818371176e+01 5.742953481399773352e+00
1.207899724909100669e+01 -7.651928455359683134e+00
1.801799833555049579e+00 -1.518061038265543772e+01
-7.804320406088847584e+00 -2.137912676971316728e+01
-1.084329484605009419e+01 1.620262438187360488e+01
5.314424039795167864e+00 1.695961764589975118e+01
4.725786825830032178e+00 8.312550808327271668e+00
-1.666097162842284618e+01 1.897239409258372200e+00
-9.116982544447253645e+00 -7.717669571780085391e+00
6.427747917967440827e+00 1.068386873567990847e+01
9.537114420254361180e-01 -1.800651407912376811e+01
-1.640125782529428733e+01 -1.628531562479638239e+01
-1.238173683061333108e+01 1.304815379807958031e+01
1.491005118290728682e+01 1.894731175024283232e+00
1.866217265380291579e+01 9.288126439680992164e+00
-5.423591711433268792e+00 -3.989075754811501895e+00
-1.527606118972541616e+01 1.552515488774931285e+01
7.452196945642646231e-01 -9.936927703570443526e+00
7.667028060701048808e+00 -1.387930752577589288e+01
-1.202224132578784932e+01 8.854885611688985136e+00
-9.516974589118959216e+00 -6.046863974452158175e+00
-6.824715741635964950e-01 1.270344814781406662e+01
-9.877029596715882320e+00 -2.050460952960598959e+01
1.047455336526844505e+01 -5.947140998662245881e-01
-1.883758104787170318e+00 3.979562474709810616e+00
-9.488040559894059811e+00 6.586479417708886785e+00
-5.770274710447075961e+00 -8.325125511609716256e+00
8.386524362966873980e+00 6.040496328604159970e+00
1.955846628589987146e+00 8.211715060258698573e-01
4.302657919265278075e+00 -9.497507596545100128e+00
7.073345649440485161e+00 -3.727370636263716452e+00
1.000610642465819033e+01 5.515701281431206304e+00
-6.247720369741003310e+00 4.201075152591440265e+00
5.302418212456109892e+00 2.038505550724405424e+01
-1.816791857250161613e+01 -1.440837002331045369e+01
-2.607405766630806365e+00 -1.643324043035625515e+00
-9.820766077666183591e+00 -4.495621777185291101e+00
5.073916010120727016e+00 -2.496998683705784039e+00
-3.521640860400555351e+00 -6.054373602512344910e+00
-2.433069374950826091e+00 -1.853122356775614321e+01
-1.435490590950552203e+01 1.733166741640474839e+01
-5.755020683453528907e-01 6.600556814039495457e+00
1.483441641829496227e+01 1.336886635167888575e-03
2.108161934421118389e+01 3.824251285709875603e+00
-2.101529710213348445e-01 -1.297224247954651943e+01
1.626712656758486375e+01 -1.071733105844774547e+00
-1.284396860592056377e+01 1.141391037506614836e+01
-3.446812522608427631e+00 1.706104788607378708e+01
3.986124720753077444e+00 1.810318327571061925e+00
1.343891158732501978e+01 1.418893983789513058e+01
-3.690224476455101349e-02 2.784867011552246141e-01
3.836434587168363830e+00 -3.406261760887811629e+00
1.157881125044863602e+01 1.432360463655912142e+01
2.383119881540695761e+00 1.194430709487574305e+01
-1.426409274543311057e+01 -1.396514992090804341e+01
1.001889152224388191e+01 -3.613674654765098193e+00
-2.100251363218990619e+01 1.436029634107474084e-01
-6.856597784152119957e+00 -9.918228553931099256e+00
6.703393735884801252e+00 -5.418213603558172942e+00
-1.002852380162632950e-01 2.116435096707622421e+01
-8.313828002970147679e+00 -1.754871618842607228e+00
1.589954697753978330e+01 -1.120127368650910604e+01
8.944397790054658959e-01 6.134256173183337602e+00
1.175718425096549957e+01 4.052281185475241632e-01
-1.499450866392354520e+01 -8.744009859124224349e+00
1.924006691525362456e+01 -9.505601704172237376e+00
8.913314892339768036e+00 -1.518573874613207053e+01
1.247097731161720802e+01 -5.836903305381672347e+00
1.280854632085066136e+01 6.413736465345111881e+00
1.545624313411670236e+01 -9.548270780641592737e+00
-1.947280561177210245e+01 -6.419303987736820538e+00
-6.240486746380484284e+00 -2.030426250755459350e+01
1.400662574786473435e-01 -1.382485064263956787e+00
-1.227428800491055050e+01 -1.920832071605469693e+01
-5.061296553351397165e+00 7.168343834445409790e+00
1.023630835738824185e+00 2.893093033673709957e+00
2.273437833750366899e+00 3.943351012931893607e+00
-2.188017375257884645e+00 -2.035697190013043567e+01
2.092092218361612765e+01 -2.601569670037622295e+00
-6.251028108900205993e+00 -6.860883588380850995e+00
1.164087666164116364e+01 -9.298266649514088655e+00
-1.809506125360281459e+01 -7.766164167076095914e+00
-3.662928275589803495e-01 -2.289609298006020666e+01
-2.243883642695087843e+01 1.397131271077043824e+00
1.593364905695138001e+00 -8.137045879209916066e+00
2.671890110120898054e+00 -7.816993182447675714e-01
-1.182465124750725671e+01 -9.856313736728129271e+00
8.977617475867026187e+00 8.663790489996616273e+00
1.464984578585637642e+01 5.676465701855888391e+00
-1.410021054919211281e+01 -1.201726047293326971e+01
-1.045940987779384912e+01 2.549460124654640225e+00
-6.864536926356227253e-01 -1.922665802857497042e+01
4.081692962261526114e-01 1.408628735899719864e+01
1.156888062305459108e+01 5.225243942178398271e+00
1.294128028662151131e+01 1.109622987991207488e+01
1.206849095400815663e+01 -1.595343051562128345e+01
-2.027397411130601412e+01 5.451793735155738396e+00
2.110627060337324679e+01 -1.275234257947909511e-01
4.283516311108517272e+00 -1.729796953150906091e+01
-4.972016482203395427e+00 5.408727056466301697e+00
-2.496197774653662549e+00 -4.436653566523640180e+00
1.879592793493888792e+01 -5.533553352114947366e+00
-1.129505400676468163e+01 1.966030436520798830e+01
-2.691564382133684763e+00 -2.083796662946284239e-01
-4.007590437832636354e+00 -1.459749893651231423e+00
-4.116880515985457123e-01 -1.122303281016087340e+01
4.974803933656902544e+00 -1.890165797668322867e+01
3.101186304511746705e+00 -2.022150610646545488e+01
-6.735850960890993555e+00 2.579729470977999206e+00
-1.234648152461143944e+01 7.102453440643654581e+00
-2.219024732959079316e+01 -3.377990976840591575e+00
2.255269792053249400e+00 7.078357490771028715e+00
-6.220969740015091176e+00 1.169448080142397650e+01
6.959341392197714526e+00 1.418737530811831959e+01
-3.840057175756228514e+00 2.056539199329930767e+01
-9.460987820136073978e+00 1.184771288440176429e+00
-4.971946726908236691e+00 1.055882720138827580e+01
6.886065846646061139e+00 6.320172296652395438e+00
-1.612815544609381746e+01 -1.434230038255728701e+01
7.110047737630838860e+00 1.766767157849859515e+01
7.369646067923866228e-01 1.428647442383814026e+00
-2.046054216264321468e+01 -1.042570630911593632e+01
1.457519232950813937e+01 -1.760538643242169243e+00
4.620573312830566159e+00 -7.223348786886676365e+00
6.982321106766470109e+00 2.049752704663833747e+00
-5.224721742559330195e+00 1.779713889323268461e+01
-7.018150771782964092e+00 1.663594389389645656e+01
-1.488984989617191879e+01 1.054124396073998149e+01
2.008130108365619648e+01 -7.168153327521088691e+00
-3.228736451969107385e-02 1.940531776536813524e+01
-6.566848507228632670e+00 -1.178914613499788899e+01
-1.153025761212462541e+01 1.050831168035041330e+01
-1.552024042341979282e+01 6.796269328770017104e+00
7.165257804358078353e+00 1.943901427102180079e+01
-2.183247149150494337e+00 2.190186151524729397e+01
-5.155457694460761964e+00 -9.660364057755366218e+00
4.956363804954326824e+00 5.200784458500524732e-01
-1.133276327991232080e+01 1.254646979369211213e+00
-3.565566914431692602e+00 7.576198136678668149e+00
-5.434314101062850177e+00 -1.875953772100138650e+01
-9.537902610300486472e+00 -1.217164788745636095e+01
-5.049681009637993157e+00 -1.265750680064513745e+01
1.715381950383753074e+00 1.690273145304869118e+01
6.245360250147454551e+00 -6.904916913622034969e+00
1.756856745890790350e+01 -4.046377919465142803e+00
-1.364079389267741985e-02 -1.462749382481243288e+01
-1.241662600156329255e+01 -2.981811959707256321e+00
-5.264203440722417859e+00 1.440290393541297220e+01
-1.382341414087971998e+01 1.420230879166406268e+01
1.245575608874625928e+00 -4.099222362700932210e-01
1.789472725077729010e+01 -1.358052849859519284e+01
1.414398239117392286e+01 1.241360807238080710e+01
1.414169112880776513e+00 -5.917446140210504524e+00
-8.507089096570513931e+00 9.825390495173337513e+00
3.794596736974956142e-01 -3.127166612517545019e+00
-1.438418185666617610e+01 1.236658016962077156e+01
-1.097201292245754978e+01 5.998981241354626626e+00
4.905167040210164586e+00 9.914916348545972369e+00
8.498369790647208433e+00 -3.683531410586914134e+00
-1.336689138975666498e-02 1.752378955964871921e+01
-3.351556748355564164e+00 4.563354654550008327e+00
-1.495164404319819518e+01 1.336721050013699230e+00
-7.866564153317565200e+00 -1.283814675268852668e+01
1.171274501954154701e+01 9.816022078631050363e+00
6.913620175307221283e-01 7.681568939126700357e+00
8.976388058630499600e+00 -4.865405309450755444e-01
-5.898858395629132723e+00 8.762887297021358934e-01
1.541769969886006209e+01 1.391642806904352447e+01
1.451873192812743296e+00 -1.356838511901912803e+01
-1.027704606339725757e+01 -8.845712849196559091e+00
3.521638920289538621e+00 1.778815662080643278e+01
-1.773663458870263199e+01 1.274112240344010516e+01
5.212796086589969846e+00 1.171667085040995815e+01
9.480519694253938923e+00 -1.148637120832323788e+01
1.779203211269454954e+01 -2.115707070587457217e+00
1.921625373840804940e+01 -3.349584337459375227e+00
7.920506345305284412e+00 3.044891966242063486e+00
-2.265925560810438277e+00 -3.070220207992832240e+00
9.345353992467915205e+00 -1.828366164208825850e+01
1.010759475470774582e+01 -1.637675095421552385e+01
-8.397601837584737439e+00 -1.955189997682516889e+01
6.812342783076430486e+00 1.236110231441394447e+01
-1.051839824505308130e+01 -1.857683069161196698e+01
1.133515847454511061e+01 -4.722524947346343538e+00
3.091706568917798048e-01 -6.933365981580577930e+00
1.797019913310779415e+01 1.773171030028671602e+00
8.269838104978688875e+00 -2.014070482051211641e+00
-5.353210753943652200e+00 -2.555427846865267583e+00
-9.267510099958391478e+00 -1.576863063263317599e+01
-1.380531728098628719e+01 2.712899405275220222e+00
-1.926721737028709214e+01 5.492474581330794026e-01
9.373619642366774585e+00 -6.728771274226602372e+00
-4.331640298062461092e+00 -1.612527072679905515e+01
2.093947060308117969e+01 -8.876870203048524033e+00
1.776814188773084524e+01 -2.129784646137988235e-01
-2.817076619930182879e+00 -7.449386882986770431e+00
-3.506583340690066386e+00 1.880682381832874128e+01
2.070526919080098782e+00 1.356793793458594166e+01
-3.531595358097666004e+00 -1.183738539271875467e+01
-8.791790921411892779e-01 -1.752731290136488340e+01
-1.448558396904621759e+01 -1.586397170783003396e+01
-1.399859524908782582e+01 6.199847369013196108e+00
7.793127086722236641e+00 -6.924961701458971497e+00
8.977701415460014545e+00 1.863770371192381248e+01
-9.072531620597487745e+00 8.282984845828991638e+00
1.241726525929708913e+01 8.120525280573927418e+00
2.047825380361735981e+01 -4.816801477614418125e+00
7.199442984575378013e+00 -1.873812577352967779e+01
6.388762901576235720e+00 3.515348919606467337e+00
1.196758959767777597e+01 3.541489048765610104e+00
-1.246744539828918974e+01 -1.737195670179725937e+01
8.331935560633500160e+00 1.305556801559065327e+01
1.251022772858074639e+01 1.588898325580412063e+01
1.599302376180487073e+01 6.829999245724052592e+00
-1.976674698295767030e+00 2.513254980444855846e+00
-1.795089251477741854e+01 -8.722382889617366075e-01
-1.185145631641331798e+00 -1.575893710121245306e+01
9.778624103452559169e+00 -5.098330802496425562e+00
3.413220235244524670e+00 -8.017260267614240377e+00
2.244005458201297287e+01 -1.339330357064035137e+00
-1.823519560911362092e+01 1.052555692847098356e+01
1.147554477387183169e+01 -3.145567798376295077e+00
-1.181571014861324720e+01 -8.233678344018249717e+00
-5.310296367217258506e+00 -1.108843159305133241e+01
-1.370411701845596752e+01 7.942889776786556055e+00
8.764511330361107966e+00 -8.462742044316717838e+00
-9.353442193359295942e+00 3.688241287737085372e+00
1.311388791012869603e+01 -2.433051411295588995e+00
-1.311579514834492599e+01 1.599954668110074252e+01
-8.461624880175030228e+00 -3.268144834945406529e+00
-7.774359936079276778e+00 3.945102002785579209e+00
5.307166251676846969e+00 1.867002202182936799e+01
-7.553961990724565645e+00 -1.651084760155016795e+01
3.795217481907443791e+00 1.260851893178233318e+01
6.069211446145326150e+00 -1.266251324432184155e+01
4.348699000366178069e+00 -1.246128022561712001e+01
1.342992277384818500e+01 -8.973122844500698747e+00
1.074173226361436484e+01 2.307441872213704670e+00
-1.858723489416109231e+01 4.675485754048906983e+00
-1.987753553187752376e+00 5.577094303773675321e+00
-7.352694911011900203e+00 8.588817075921122424e+00
2.594068755332020082e+00 -9.338571682680159469e+00
9.547590202390699332e+00 7.179674281544953018e+00
1.120041329349380632e+01 1.157070195788601730e+01
7.776481583705094458e+00 9.608954500246907671e+00
8.244164913960869256e+00 -1.695509758253254162e+01
-6.069680208418880341e+00 -1.542302493689085630e+01
-9.122675344077991966e+00 1.932095213758125141e+01
-3.500405724703334887e+00 6.126016639302403810e+00
-1.257557739143864595e+01 4.003811997631350650e+00
1.046075571617074473e+01 1.556693912576297656e+01
-8.985846692655488965e+00 1.733983637583387605e+01
6.586276635099991950e+00 5.983935984220866144e-01
9.682479156975858814e+00 -2.145056186091447259e+01
1.782260040517547495e+01 3.835122847254191836e+00
1.902758714368172477e+01 6.999562813188769717e+00
1.483615642531031042e+01 -8.189662442238233808e+00
1.413386465458973973e+01 -5.304655881647066806e+00
-1.051555997934594444e+01 1.798332515694091072e+01
1.217542435650972088e+01 1.839641115964284701e+00
-1.261780096898429804e+01 -4.701446020021527339e+00
3.645614866794311570e+00 1.090816936055415987e+01
3.387293945880388790e+00 4.056883435480402866e-01
-1.680814368943250514e+01 -9.121989455441717354e+00
2.852562633974851991e+00 -1.854318510286234201e+01
-1.430651830453657780e+01 -1.785439853110656827e+01
5.419191041196156355e+00 -8.400575620454517889e+00
4.176262459048921016e+00 -4.675019957930932613e+00
5.494428856124330629e+00 2.054373671463075368e+00
1.102818158507133184e+01 -1.102627974199554473e+01
-2.924856261436106220e+00 1.323587087290064579e+00
4.087836683205606114e+00 6.522240923137881730e+00
-8.352797510020366190e+00 2.132338820141783842e+01
-4.396480643445166425e-01 5.044836460385122123e+00
-4.052117172160580871e+00 -2.144712538376158051e+01
2.024213187569581240e+00 -1.080878958664922429e+01
4.321631769103233545e+00 -9.467029377511211319e-01
-1.707925109988962475e+01 3.784481572811336569e+00
-8.475866543878163295e-01 8.192894130210088832e+00
-6.470951622119415880e+00 5.882754610354693270e+00
5.352711466355567715e+00 1.519595431311482692e+01
-4.612981315273348315e+00 -7.172475340825217316e+00
-1.038090039068604975e+00 -2.281146882241325446e+00
1.768095850461159202e+01 5.896474424924956992e+00
-3.133354419673260449e-01 2.288512392895353997e+01
8.258807113842705050e+00 1.094085285576642974e+00
1.639783734197250098e+01 8.659059109735322002e-01
-1.859136648614054721e+01 -9.809619542900511746e+00
1.927520356213084796e+01 4.907473332873823146e+00
1.460409868232428110e+01 1.567718022595018823e+01
6.672292129511417258e+00 -2.354945586327481521e+00
-8.453284522257304090e+00 2.328301464261540499e+00
-1.666087166956938148e+01 -2.128682567163081796e+00
3.608244445686599744e-01 9.360279116006219979e+00
-3.317935904176748441e+00 -1.340617331353948138e+01
-3.602580680691539250e+00 1.377297845245212926e+01
3.716424139791734138e+00 -1.565468894540122058e+01
-1.460617329128335840e+01 -6.823806326568607972e+00
-3.341724525455796457e-01 -2.097477073717930196e+01
-1.033538468260343279e+01 9.357330474171241974e+00
-8.957154858726483482e-02 1.099678368706955744e+01
-7.798565659919634463e+00 -6.554232424100576715e+00
1.607646303657688591e+01 -1.490216277450084092e+01
7.230260436146186187e+00 -8.556855302986457801e+00
1.141545959818395062e+01 -1.776697544580761345e+01
5.644122044301875363e+00 -4.029126320973621667e+00
2.691588807453867638e+00 -1.231391571695112397e+01
-1.845270684794663296e+01 -2.656867942787870973e+00
3.682352253426523170e+00 3.305843868363360638e+00
-5.306434699907222274e+00 2.508578271302464469e+00
-1.383123699662701256e+01 -3.396470681712814077e+00
-1.417218370210651734e+01 -1.496172769595708885e-01
-8.159550472088810125e+00 -1.106564617603597078e+01
-1.088608954474132773e+01 -7.085812934904161864e+00
1.067606726987450116e+01 8.514700425852360866e+00
-1.548963680918985197e+01 -3.566836489769642071e+00
1.268252322519042430e+01 -1.055895441776818799e+01
2.217025447997217924e+01 1.850130220384213597e+00
-1.137529448855873682e+01 -1.718300387776775517e+00
-5.772659566864703606e+00 -1.713696426778304982e+01
1.748623336740930734e+00 2.042134526534796635e+01
-1.317328540562576933e+01 1.214689846623931091e+00
1.619106732515574620e+01 -1.293362697730247213e+01
-5.589713555360278363e+00 8.872086978707782734e+00
1.083076266077177152e+01 1.927082980864608430e+01
-3.270464824173780372e+00 1.535516301252697247e+01
-4.685693916539693249e-01 2.092601405460935649e+00
-1.634003418310405564e+01 1.154987628236020747e+01
-1.761045257579915102e+01 8.628780916972124126e-01
-1.907161685142554797e+00 -2.197296105965800805e+01
-8.480893828296601100e+00 -9.303019512370914512e+00
5.341583283712528107e+00 -1.585799559453804974e+01
-2.014410264722860333e+00 -5.672297712132615466e+00
5.171815139951468687e+00 -5.688758487692556542e+00
3.693339904122093120e+00 1.433803173513897278e+01
1.416448976390877235e+01 -1.072486411865497224e+01
3.867141809449417433e+00 4.879735766771127636e+00
-4.097574966310721045e+00 -1.968805056438109702e+01
1.497536586657862223e+01 3.788289556979779427e+00
-6.944194158774379844e+00 1.505523176941930785e+01
-3.692280508652829418e+00 -1.028885604110302587e+01
1.930759040055537312e+01 6.297784948759027612e-01
7.623839444143721167e+00 7.769909355611400947e+00
3.331290790361169929e+00 8.033786991464912930e+00
7.645030902674026407e+00 -2.190773548749715971e+01
-2.068052023104279868e+01 -5.053362555621277785e+00
-2.008339472193717512e+01 3.663463833615689502e+00
-1.250221315784905229e+01 5.459808438045836709e+00
-1.266863544343496129e+00 -8.092698577167872998e+00
5.091016285888686710e+00 -1.103726809489664973e+01
-6.640314566382763850e+00 -5.204037163044957559e+00
-1.856028252457435812e+01 8.670098331660183177e+00
1.729536536408821235e+01 -9.684332274578995481e+00
-3.118661679392544350e+00 -2.310681148918122219e+01
1.829957868836107338e+01 -7.763677493956458342e+00
1.227525576607253299e+01 1.281608277816184405e+01
-1.868989183321674830e+01 6.607727781172451742e+00
-1.261235899612815636e+01 -1.337009974997839379e+01
-1.263516538109784726e+01 -1.541313696988492588e+01
1.316291585262884212e+01 1.755325060542579507e+01
1.354917334658196282e+01 3.044320870842038840e+00
-1.590270160261041354e+01 -5.435032258437642483e+00
2.184378431448515201e+01 -6.286794874109125963e+00
-1.490990759742655491e+01 -1.779991644103229298e+00
-1.371427562695608504e+00 9.915550101724733834e-01
2.443282041157829099e+00 2.171657306866720205e+00
-6.008888951774520315e+00 -2.213202976627930596e+01
-1.717932121607553597e+01 1.471985931639284040e+01
-3.199726097355378052e+00 1.029512772582631897e+01
-5.986024403218683787e+00 2.148379968469016887e+01
1.058074100522148520e+01 -1.964770915244935168e+01
-4.241083000718782081e+00 2.239050260497991118e+01
1.035073696267641147e-01 1.580271874961970013e+01
7.446267434858128809e+00 -7.013748219745911117e-01
1.075307962521669758e+01 -1.461225556148019677e+01
3.108700388613165444e+00 -1.393575074898243216e+01
2.199752542542583733e-01 -8.488722521184572045e+00
-3.599789624561105850e+00 1.192680758398081764e+01
-9.649276898514007605e-01 -9.656698393996526519e+00
-7.758746996909433591e+00 -1.468847379997722769e+01
-1.720221115369987785e+01 -4.011264297526413891e+00
6.129818119245755703e+00 -1.434665728768307780e+01
2.055756413392458271e+01 1.766066399806302423e+00
7.089608479445036693e+00 1.597783480959813041e+01
-2.632568533122821908e+00 -9.071627144535247211e+00
1.602612202800921182e+01 1.188227180885883705e+01
-1.859267678942784441e+00 2.001466255917252468e+01
-6.357754076798551424e+00 -1.372509170562120140e+01
2.272950175115927784e+00 -6.859435417441686944e+00
-2.026834607933967547e+01 7.644564060769261538e+00
-2.181643083023111984e+01 -1.526377324329327267e+00
-1.987360553354794845e+01 -8.285424622141576378e+00
1.638360856333261140e+01 2.819057583120514021e+00
-2.170330032362104333e+01 6.266773570914907943e+00
5.807829832595596820e+00 -8.861887158585119995e-01
-1.045478458990616843e+01 1.404403091683197147e+01
-9.436791467025400948e+00 -1.401658602581469282e+01
1.389262486629633209e+01 -1.547779405948451803e+01
-4.038964357382432979e+00 -8.566880439849049012e+00
-1.227302666426068711e+01 -1.989139859188308879e-01
2.074952664536657565e+01 6.101486251202124400e+00
1.968134848568519146e+01 1.071930497490152412e+01
-2.268419695126030700e+00 1.291558906728088729e+01
1.121163448830727027e+01 6.855221000273018284e+00
-5.134950109658617201e+00 -5.615877287404736684e+00
2.044843670945109082e+01 8.240899599648342289e+00
-1.611661879669305364e+01 -2.033824887156741035e-01
1.658039796110351105e+01 -7.939960108392977389e+00
-9.070620567033028436e+00 1.260843965697355173e+01
-1.186704318846763861e+01 1.472170118179791842e+01
8.922970476268575979e+00 1.682676753967972161e+01
7.233623021832401356e+00 4.730609435758407422e+00
-1.629738371285504472e+00 -1.398544371590077340e+01
-1.887307821496229820e+01 -4.576088910830400813e+00
2.000978165384766250e+00 1.523020801042921946e+01
1.937340258724992736e+01 2.985293247850890008e+00
8.412100432678940587e-01 1.235509138601038082e+01
-8.456874133620534195e+00 1.408217362345893164e+01
3.606098179403589121e+00 1.604951251683028701e+01
-1.968745642501095006e+01 -1.303350687487556447e+00
-1.082032140509531892e+01 -1.670716679507831159e+01
-1.750228482716385159e+01 -1.283982195844985519e+01
-6.980707987324980657e+00 -4.030765097990474666e-01
-1.768947656548653669e+01 -5.967003962760146329e+00
-1.095516317165032660e+01 4.255521888732332059e+00
-2.054883954240042598e+01 2.029720424531892942e+00
-2.228071052824144582e-01 -5.344159281407701023e+00
6.742210446005734603e+00 -1.111365606272705797e+01
1.308582410462391543e+01 -6.122382910279139390e-01
1.050383132963463773e+01 -8.090143593682711298e+00
-3.899609817896920294e+00 -4.469384786934123888e+00
-4.336501378932599238e+00 6.613490579322106599e-02
-2.099409142944095752e+00 7.187898503576640508e+00
-2.178470248597855274e+01 3.833131884633437902e+00
-1.882713013089506005e+00 1.131798077087480081e+01
-1.100660409796478412e+01 -1.309067494637245588e+01
1.786552673381483380e+00 -2.321116938638531479e+01
1.773601451077643532e+01 -1.148565366384852915e+01
1.942752461917372386e+01 -1.349819799442236068e+00
3.545115913842075361e+00 1.959229403644153678e+01
1.673855178805875354e+01 9.851541548120749781e+00
9.253297113351839798e+00 2.516174473516873622e+00
-1.116603801687720932e+01 -3.783607154720966648e+00
-1.212107219132842673e+01 2.699317446574107660e+00
1.026385524168861307e+00 -1.191793034957075470e+01
9.841128984987022932e+00 -9.853321187686907123e+00
4.656089209620265734e+00 -1.402158673045308213e+01
1.523748222406343977e+01 -1.676613827166625015e+01
-1.249056828390659390e+01 -1.158384476965195908e+01
1.176518175783867015e+01 -1.441847080383575452e+00
9.811592147308946466e+00 1.009983442497189721e+01
-2.395211965010101363e+00 8.820840411972021400e+00
1.262481447042471139e+01 -1.392859024636079646e+01
-2.090037861518749374e+00 -1.074159728464534425e+01
-7.882018623421080505e+00 1.143673903853517615e+01
-2.021571736871340264e+01 9.590889567683770878e+00
1.875674292756991379e+00 2.216652621611510199e+01
1.252735955999748541e+01 -1.212899630078810631e+01
4.966494835027206456e+00 3.562690168194943219e+00
-7.156692163792546246e+00 1.828553503694854854e+01
-7.838504155513489557e+00 5.311364598695104355e+00
-1.410115941778744997e+01 4.466629672560144648e+00
6.281543975472382968e+00 8.772068303600523365e+00
-3.833936826878431514e+00 -3.000107766414347843e+00
-2.030545969115515348e+01 -3.154260279353019669e+00
1.555528848585481239e+00 -2.071190158082997446e+00
6.437317961922391696e+00 -2.039160525433894833e+01
1.605855306942315863e+01 -2.907728655400690698e+00
-1.282218307906157317e+00 9.910263126546215773e+00
1.268965592794888231e+01 -1.915953693886839559e+01
3.927183753325650617e+00 2.150633142314890378e+01
-1.745668444720835044e+00 1.814340883161642992e+01
7.175133588596984247e+00 -1.569616120157237660e+01
-2.619456107634950293e+00 -1.680195540908544771e+01
8.788291290072432815e+00 4.359853359199443723e+00
1.105519008390491997e+01 -6.356882540319986674e+00
-1.536673332612252096e+01 -1.045470577149302827e+01
1.682033748708615883e+00 1.056577634758330575e+01
-6.432442119865382502e+00 7.465833125788051028e+00
-4.109345387305523900e+00 8.952650887112072908e+00
-1.337550101050592843e+01 -8.353440042551801170e+00
-5.064546342400391588e+00 1.272874775438910433e+01
-6.897448636480794093e+00 -3.650971849332672825e+00
1.095323768959036492e+01 1.733786426518414814e+01
-1.522150844791731394e+01 8.629416541760580373e+00
1.738801428451773035e+01 7.946570773822180023e+00
-1.239444653718132283e+00 -7.310456591415802619e-01
2.233489074590406176e+01 -3.943774585024302226e+00
-1.431042162452066613e+01 -5.174345377836267801e+00
8.165114668060937220e+00 1.116525189396173623e+01
-4.306919859654438909e+00 1.495941635339752551e+00
-4.665515199626491416e+00 3.741888133476619860e+00
1.441156828549134339e+01 -3.612552734860503101e+00
1.091553628435464063e+01 -1.281395004636130786e+01
-9.717652038294328776e+00 1.102363450857675709e+01
1.344355693399341511e+01 1.031590505116340317e+00
3.575071584653106260e+00 -6.220481911098215910e+00
-1.343657791149813008e+01 9.701554325171303006e+00
-1.903022952441173388e+01 -1.181025295185802371e+01
-1.821549178157793936e+00 -1.233354694100370885e+01
6.163066875833830061e+00 -1.738449472125351747e+01
8.282009898142899118e+00 -5.289691391052611991e+00
-9.028699698578355637e+00 1.562485148136173230e+01
1.588715689977581036e+01 -4.797349144857085079e+00
-9.728639894127159238e+00 -1.042673677979605351e+01
1.424876383327577933e+01 -1.244271718693613238e+01
-7.266011182058812246e+00 1.994683260883032716e+01
-8.217191835674137579e+00 -4.910645350790340480e+00
-3.588649572621412376e-01 3.597628304978329972e+00
8.682326827517842460e+00 1.489067149127195755e+01
1.629761476081342053e+01 4.878265796776171115e+00
-1.629946582622544105e+00 1.631477795198129499e+01
1.337809524476100798e+01 -1.732129915715133350e+01
5.559738665112094580e+00 5.199087840317194065e+00
-5.370053382344140758e+00 1.956967921808929134e+01
2.167306249907514637e+00 -3.421525288995130420e+00
1.362622043552530116e+01 9.408784012302918498e+00
1.545828144988399799e+01 -6.584537633543980029e+00
-9.696385561746975412e+00 -1.397067706042468993e+00
-6.680792096645610911e+00 1.007029124357611671e+01
1.292269622015207098e+01 -4.120031332065670071e+00
-4.704163651976065452e+00 -1.441960206926763277e+01
-1.315352296659275666e+01 -1.586877966058000577e+00
1.709869275211633521e+01 -6.058186753417820647e+00
-1.627924397029975978e+01 -7.305488404695139160e+00
1.014667765128377397e+01 1.355127468098330823e+01
3.383019766543774232e+00 -2.216759481425725653e+01
1.855796637635145796e+00 8.729817636062197295e+00
8.473493608613388517e+00 -1.998325058938045373e+01
-1.050099477447685814e+01 -2.531880420945157445e-02
-1.363181219976451253e+01 -1.011696774591138315e+01
9.958922813635476601e+00 9.218938621719267035e-01
1.962004367423654827e+01 -1.141655928967524147e+01
4.758954670939888665e+00 -2.073947955374555363e+01
1.552910242225161852e+01 8.648498085495493370e+00
-1.095605162262903143e+01 1.226188179484041285e+01
1.219121690437966032e+00 -1.973285553684705818e+01
9.682684104321729324e-01 4.566790495748167089e+00
5.064996027220624031e-01 -1.632831150420228994e+01
-1.556816417882684611e+01 4.942358490832723383e+00
-1.532592271075104584e+01 3.235322287994307544e+00
-7.168183780532989324e+00 -1.835189600999766313e+01
7.957121863382218940e+00 -1.208141699965322680e+01
6.877384781717913675e+00 2.111347484596797131e+01
-8.980166341510496864e+00 -1.761572881218809883e+01
-1.193084247742001391e+00 -6.749197455315414373e+00
-6.955209891335961458e+00 -2.083049977099708627e+00
